index,date,p1,p2,p3,p4,p5,w1,w2,w3,n1,n2,n3,n4,n5,n6,b,nn1,nn2,nn3,nn4,nn5,nn6,
1010,2002.04.09,8,66,2781,136828,2278193,3119380079,63017780,1495568,9,12,15,25,34,36,3
1009,2022.04.02,15,69,2632,133476,2232525,1702462825 ,61683436 ,1617081 ,15,23,29,34,40,44,20,15,8,6,5,6,4, 
1008,2022.03.26,11,97,2826,141072,2311009,2267377910 ,42854222 ,1470935 ,9,11,30,31,41,44,33,9,2,19,1,10,3,
1007,2022.03.19,9,70,2844,137134,2256573,2718786375 ,58259709 ,1433960 ,8,11,16,19,21,25,40,8,3,5,3,2,4,
1006,2022.03.12,9,65,2487,131234,2288458,2855602125 ,65898511 ,1722318 ,8,11,15,16,17,37,36,8,3,4,1,1,20,
1005,2022.03.05,12,84,2798,143067,2349017,2061199344 ,49076175 ,1473338 ,8,13,18,24,27,29,17,8,5,5,6,3,2,
1004,2022.02.26,10,68,2785,140047,2340772,2576251913 ,63143430 ,1541743 ,7,15,30,37,39,44,18,7,8,15,7,2,5,
1003,2022.02.19,14,66,2649,133896,2247475,1811116822 ,64029383 ,1595297 ,1,4,29,39,43,45,31,1,3,25,10,4,2,
1002,2022.02.12,8,85,3193,155418,2436676,3088449563 ,48446268 ,1289676 ,17,25,33,35,38,45,15,17,8,8,2,3,7,
1001,2022.02.05,12,66,2761,140255,2346904,2077279594 ,62947867 ,1504730 ,6,10,12,14,20,42,15,6,4,2,2,6,22,
1000,2022.01.29,22,109,4018,180052,2747686,1246819620 ,41941945 ,1137798 ,2,8,19,22,32,42,39,2,6,11,3,10,10,
999,2022.01.22,16,67,2943,143217,2369326,1513274790 ,60229843 ,1371186 ,1,3,9,14,18,28,34,1,2,6,5,4,10,
998,2022.01.15,12,53,2648,129576,2227628,2076499657 ,78358478 ,1568354 ,13,17,18,20,42,45,41,13,4,1,2,22,3,
997,2022.01.08,19,85,3692,155887,2331995,1253749560 ,46708317 ,1075354 ,4,7,14,16,24,44,20,4,3,7,2,8,20,
996,2022.01.01,18,86,3313,155856,2546181,1491185771 ,52018109 ,1350305 ,6,11,15,24,32,39,28,6,5,4,9,8,7,
995,2021.12.25,7,69,2793,138372,2269218,3447271875 ,58287206 ,1439964 ,1,4,13,29,38,39,7,1,3,9,16,9,1,
994,2021.12.18,12,70,2803,137937,2216661,1861582063 ,53188059 ,1328279 ,1,3,8,24,27,35,28,1,2,5,16,3,8,
993,2021.12.11,6,70,2732,132583,2220620,3991197063 ,57017101 ,1460907 ,6,14,16,18,24,42,44,6,8,2,2,6,18,
992,2021.12.04,12,58,2373,124311,2105282,1986955563 ,68515710 ,1674636 ,12,20,26,33,44,45,24,12,8,6,7,11,1,
991,2021.11.27,8,110,2969,138068,2226394,2904166032 ,35202013 ,1304218 ,13,18,25,31,33,44,38,13,5,7,6,2,11,
990,2021.11.20,14,56,2858,129113,2169219,1740095277 ,72503970 ,1420652 ,2,4,25,26,36,37,28,2,2,21,1,10,1,
989,2021.11.13,4,63,2444,127891,2158436,5826768563 ,61658927 ,1589408 ,17,18,21,27,29,33,26,17,1,3,6,2,4,
988,2021.11.06,9,61,2663,129322,2139025,2678489375 ,65864493 ,1508725 ,2,13,20,30,31,41,27,2,11,7,10,1,10,
987,2021.10.30,10,73,2968,140004,2283682,2378711625 ,54308485 ,1335755 ,2,4,15,23,29,38,7,2,2,11,8,6,9,
986,2021.10.23,10,70,2793,133889,2231167,2375275125 ,56554170 ,1417398 ,7,10,16,28,41,42,40,7,3,6,12,13,1,
985,2021.10.16,10,62,2581,126523,2123240,2434752975 ,65450349 ,1572229 ,17,21,23,30,34,44,19,17,4,2,7,4,10,
984,2021.10.09,7,64,2596,128129,2149335,3453006268 ,62945427 ,1551814 ,3,10,23,35,36,37,18,3,7,13,12,1,1,
983,2021.10.02,10,78,2640,131780,2196308,2503422225 ,53491928 ,1580444 ,13,23,26,31,35,43,15,13,10,3,5,4,8,
982,2021.09.25,8,81,2931,139208,2291933,3023630672 ,49771699 ,1375472 ,5,7,13,20,21,44,33,5,2,6,7,1,23,
981,2021.09.18,13,65,2824,136630,2289650,1992863193 ,66428774 ,1528991 ,27,36,37,41,43,45,32,27,9,1,4,2,2,
980,2021.09.11,7,70,2819,135751,2237534,3409443215 ,56824054 ,1411027 ,3,13,16,23,24,35,14,3,10,3,7,1,11,
979,2021.09.04,14,79,3414,154980,2403760,1606400518 ,47446429 ,1097911 ,7,11,16,21,27,33,24,7,4,5,5,6,6,
978,2021.08.28,10,70,2826,133915,2217326,2373391388 ,56509319 ,1399736 ,1,7,15,32,34,42,8,1,6,8,17,2,8,
977,2021.08.21,14,82,2474,125781,2097459,1669905911 ,47517648 ,1574959 ,2,9,10,14,22,44,16,2,7,1,4,8,22,
976,2021.08.14,7,69,3085,142375,2270249,3243867215 ,54847997 ,1226747 ,4,12,14,25,35,37,2,4,8,2,11,10,2,
975,2021.08.07,9,61,2828,135604,2212347,2440410375 ,60010092 ,1294419 ,7,8,9,17,22,24,5,7,1,1,8,5,2,
974,2021.07.31,17,66,2636,129473,2149319,1317034523 ,56539361 ,1415629 ,1,2,11,16,39,44,32,1,1,9,5,23,5,
973,2021.07.24,8,42,2257,117757,2003966,2912742750 ,92468024 ,1720717 ,22,26,31,37,41,42,24,22,4,5,6,4,1,
972,2021.07.17,20,80,2570,126989,2122398,1124886244 ,46870261 ,1458997 ,3,6,17,23,37,39,26,3,3,11,6,14,2,
971,2021.07.10,6,62,2685,131409,2171694,3725880250 ,60094843 ,1387665 ,2,6,17,18,21,26,7,2,4,11,1,3,5,
970,2021.07.03,14,87,2479,124923,2061176,1611544045 ,43221488 ,1516850 ,9,11,16,21,28,36,5,9,2,5,5,7,8,
969,2021.06.26,20,56,2633,133079,2211803,1149427894 ,68418328 ,1455157 ,3,9,10,29,40,45,7,3,6,1,19,11,5,
968,2021.06.19,13,97,3116,148150,2329460,1667729683 ,37251694 ,1159633 ,2,5,12,14,24,39,33,2,3,7,2,10,15,
967,2021.06.12,4,69,2475,121200,2042462,5809776094 ,56133103 ,1564923 ,1,6,13,37,38,40,9,1,5,7,24,1,2,
966,2021.06.05,10,50,2352,115370,1980202,2411303513 ,80376784 ,1708691 ,1,21,25,29,34,37,36,1,20,4,4,5,3,
965,2021.05.29,7,46,2389,122129,2043257,3403348929 ,86316821 ,1662024 ,2,13,25,28,29,36,34,2,11,12,3,1,7,
964,2021.05.22,10,52,2447,123780,2061560,2345861063 ,75187855 ,1597781 ,6,21,36,38,39,43,30,6,15,15,2,1,4,
963,2021.05.15,15,68,3137,141987,2219439,1476478125 ,54282285 ,1176665 ,6,12,19,23,34,42,35,6,6,7,4,11,8,
962,2021.05.08,12,73,2581,126528,2119457,1940906094 ,53175510 ,1503996 ,1,18,28,31,34,43,40,1,17,10,3,3,9,
961,2021.05.01,9,73,2716,133764,2197136,2575231209 ,52915710 ,1422256 ,11,20,29,31,33,42,43,11,9,9,2,2,9,
960,2021.04.24,10,56,2569,129546,2180006,2401133213 ,71462298 ,1557762 ,2,18,24,30,32,45,14,2,16,6,6,2,13,
959,2021.04.17,8,75,2502,123802,2072896,3015312891 ,53605563 ,1606882 ,1,14,15,24,40,41,35,1,13,1,9,16,1,
958,2021.04.10,15,67,2470,131097,2168146,1596119675 ,59556705 ,1615506 ,2,9,10,16,35,37,1,2,7,1,6,19,2,
957,2021.04.03,11,61,2835,129545,2131893,2126634137 ,63915234 ,1375249 ,4,15,24,35,36,40,1,4,11,9,11,1,4,
956,2021.03.27,11,136,3053,144650,2325943,2022982671 ,27270600 ,1214806 ,10,11,20,21,25,41,40,10,1,9,1,4,16,
955,2021.03.20,12,71,2650,130744,2196889,2023170188 ,56990710 ,1526921 ,4,9,23,26,29,33,8,4,5,14,3,3,4,
954,2021.03.13,10,64,2657,132057,2214839,2478795900 ,64551977 ,1554884 ,1,9,26,28,30,41,32,1,8,17,2,2,11,
953,2021.03.06,14,102,3273,146120,2331848,1640636009 ,37530890 ,1169616 ,7,9,22,27,37,42,34,7,2,13,5,10,5,
952,2021.02.27,9,93,3039,141776,2304925,2713699834 ,43769353 ,1339438 ,4,12,22,24,33,41,38,4,8,10,2,9,8,
951,2021.02.20,14,72,2907,142335,2346154,1747552661 ,56633652 ,1402692 ,2,12,30,31,39,43,38,2,10,18,1,8,4,
950,2021.02.13,8,67,2886,146270,2422941,3281920500 ,65311851 ,1516249 ,3,4,15,22,28,40,10,3,1,11,7,6,12,
949,2021.02.06,10,65,2594,130363,2192075,2458569713 ,63040250 ,1579652 ,14,21,35,36,40,44,30,14,7,14,1,4,4,
948,2021.01.30,11,90,2905,137929,2252913,2188548716 ,44581548 ,1381184 ,13,18,30,31,38,41,5,13,5,12,1,7,3,
947,2021.01.23,18,58,3182,146908,2351804,1275855750 ,65992539 ,1202881 ,3,8,17,20,27,35,26,3,5,9,3,7,8,
946,2021.01.16,11,71,2949,138433,2224563,2157656182 ,55714127 ,1341371 ,9,18,19,30,34,40,20,9,9,1,11,4,6,
945,2021.01.09,13,71,2490,124224,2120882,1765554491 ,53878424 ,1536293 ,9,10,15,30,33,37,26,9,1,5,15,3,4,
944,2021.01.02,13,79,3057,147665,2440455,1961836356 ,53805639 ,1390464 ,2,13,16,19,32,33,42,2,11,3,3,13,1,
943,2020.12.26,7,74,2722,135763,2238429,3435045108 ,54156117 ,1472283 ,1,8,13,36,44,45,39,1,7,5,23,8,1,
942,2020.12.19,6,52,2473,120907,2045438,3761680313 ,72340007 ,1521101 ,10,12,18,35,42,43,39,10,2,6,17,7,1,
941,2020.12.12,16,87,3275,145544,2282851,1347297422 ,41296473 ,1097037 ,12,14,25,27,39,40,35,12,2,11,2,12,1,
940,2020.12.05,8,51,2329,123292,2087480,2846071079 ,74407088 ,1629353 ,3,15,20,22,24,41,11,3,12,5,2,2,17,
939,2020.11.28,13,67,2682,128408,2127595,1708363039 ,55245571 ,1380110 ,4,11,28,39,42,45,6,4,7,17,11,3,3,
938,2020.11.21,10,64,2531,124971,2096955,2249466563 ,58579859 ,1481277 ,4,8,10,16,31,36,9,4,4,2,6,15,5,
937,2020.11.14,11,57,2480,124141,2092601,2058420819 ,66206518 ,1521683 ,2,10,13,22,29,40,26,2,8,3,9,7,11,
936,2020.11.07,14,77,2864,140160,2252623,1492069179 ,45214218 ,1215606 ,7,11,13,17,18,29,43,7,4,2,4,1,11,
935,2020.10.31,13,120,2933,134376,2118071,1711055424 ,30894057 ,1263992 ,4,10,20,32,38,44,18,4,6,10,12,6,6,
934,2020.10.24,4,66,2359,116726,1985417,5765772844 ,58240130 ,1629440 ,1,3,30,33,36,39,12,1,2,27,3,3,3,
933,2020.10.17,8,63,2215,114043,1962088,2927797079 ,61963960 ,1762407 ,23,27,29,31,36,45,37,23,4,2,2,5,9,
932,2020.10.10,7,64,2420,120969,2067196,3390022983 ,61797294 ,1634309 ,1,6,15,36,37,38,5,1,5,9,21,1,1,
931,2020.10.03,8,54,2596,121943,2041653,2957108063 ,73015014 ,1518803 ,14,15,23,25,35,43,32,14,1,8,2,10,8,
930,2020.09.26,8,55,2776,128480,2124548,2832418829 ,68664699 ,1360432 ,8,21,25,38,39,44,28,8,13,4,13,1,5,
929,2020.09.19,16,91,3028,140880,2244712,1308035157 ,38330701 ,1151947 ,7,9,12,15,19,23,4,7,2,3,3,4,4,
928,2020.09.12,7,81,2639,121873,2011931,3134591358 ,45148436 ,1385761 ,3,4,10,20,28,44,30,3,1,6,10,8,16,
927,2020.09.05,6,63,2331,118446,1979589,3714203875 ,58955618 ,1593396 ,4,15,22,38,41,43,26,4,11,7,16,3,2,
926,2020.08.29,10,72,2923,133167,2085580,2032490663 ,47048395 ,1158907 ,10,16,18,20,25,31,6,10,6,2,2,5,6,
925,2020.08.22,12,68,2335,117863,1944019,1771080532 ,52090604 ,1516986 ,13,24,32,34,39,42,4,13,11,8,2,5,3,
924,2020.08.15,9,69,2198,113214,1920852,2382430667 ,51791972 ,1625863 ,3,11,34,42,43,44,13,3,8,23,8,1,1,
923,2020.08.08,8,56,2376,115877,1937187,2667554625 ,63513206 ,1496945 ,3,17,18,23,36,41,26,3,14,1,5,13,5,
922,2020.08.01,6,89,2876,136052,2097501,3417904500 ,38403422 ,1188423 ,2,6,13,17,27,43,36,2,4,7,4,10,16,
921,2020.07.25,17,72,2682,129993,2101238,1232573405 ,48504047 ,1302123 ,5,7,12,22,28,41,1,5,2,5,10,6,13,
920,2020.07.18,7,53,2348,117181,1984222,3120260197 ,68684973 ,1550385 ,2,3,26,33,34,43,29,2,1,23,7,1,9,
919,2020.07.11,5,56,2541,122864,2052965,4305150450 ,64064739 ,1411896 ,9,14,17,18,42,44,35,9,5,3,1,24,2,
918,2020.07.04,18,86,2718,137216,2183337,1117622646 ,38986837 ,1233580 ,7,11,12,31,33,38,5,7,4,1,19,2,5,
917,2020.06.27,10,47,2260,117542,2000201,2144799638 ,76056725 ,1581711 ,1,3,23,24,27,43,34,1,2,20,1,3,16,
916,2020.06.20,11,70,2184,111426,1857917,2025384341 ,53045781 ,1700186 ,6,21,22,32,35,36,17,6,15,1,10,3,1,
915,2020.06.13,6,63,2436,119025,1966167,3518640500 ,55851437 ,1444434 ,2,6,11,13,22,37,14,2,4,5,2,9,15,
914,2020.06.06,11,55,2585,122904,2006794,1950005557 ,65000186 ,1382983 ,16,19,24,33,42,44,27,16,3,5,9,9,2,
913,2020.05.30,16,66,2467,122530,1996371,1338755602 ,54091136 ,1447108 ,6,14,16,21,27,37,40,6,8,2,5,6,10,
912,2020.05.23,14,70,2547,125332,2030860,1493500581 ,49783353 ,1368212 ,5,8,18,21,22,38,10,5,3,10,3,1,16,
911,2020.05.16,10,58,2571,123236,2064778,2113538625 ,60733869 ,1370115 ,4,5,12,14,32,42,35,4,1,7,2,18,10,
910,2020.05.09,21,72,2694,128516,2074354,941316375 ,45758435 ,1222943 ,1,11,17,27,35,39,31,1,10,6,10,8,4,
909,2020.05.02,11,63,2316,111558,1910295,2021062875 ,58814000 ,1599863 ,7,24,29,30,34,35,33,7,17,5,1,4,1,
908,2020.04.25,8,57,2161,108610,1858567,2834856141 ,66312425 ,1749102 ,3,16,21,22,23,44,30,3,13,5,1,1,21,
907,2020.04.18,7,67,2300,112189,1903128,3165059036 ,55112969 ,1605465 ,21,27,29,38,40,44,37,21,6,2,9,2,4,
906,2020.04.11,9,63,2369,117171,1988860,2472607250 ,58871602 ,1565602 ,2,5,14,28,31,32,20,2,3,9,14,3,1,
905,2020.04.04,7,77,2643,129133,2111090,3017862536 ,45725190 ,1332138 ,3,4,16,27,38,40,20,3,1,12,11,11,2,
904,2020.03.28,8,92,2337,115626,1938996,2718077813 ,39392433 ,1550751 ,2,6,8,26,43,45,11,2,4,2,18,17,2,
903,2020.03.21,13,49,2316,111981,1902821,1684582212 ,74488330 ,1575963 ,2,15,16,21,22,28,45,2,13,1,5,1,6,
902,2020.03.14,13,67,2372,119126,1945304,1619317529 ,52365990 ,1479141 ,7,19,23,24,36,39,30,7,12,4,1,12,3,
901,2020.03.07,9,67,2308,114451,1890747,2267974667 ,50775553 ,1473987 ,5,18,20,23,30,34,21,5,13,2,3,7,4,
900,2020.02.29,6,51,2385,113132,1872855,3349851375 ,65683361 ,1404550 ,7,13,16,18,35,38,14,7,6,3,2,17,3,
899,2020.02.22,6,53,2402,121900,1993765,3359356063 ,63384077 ,1398567 ,8,19,20,21,33,39,37,8,11,1,1,12,6,
898,2020.02.15,8,56,3240,137051,2005739,2639313235 ,62840792 ,1086138 ,18,21,28,35,37,42,17,18,3,7,7,2,5,
897,2020.02.08,13,62,2398,121076,1996656,1619922520 ,56610196 ,1463650 ,6,7,12,22,26,36,29,6,1,5,10,4,10,
896,2020.02.01,7,46,2586,128068,2066172,3053222036 ,77436791 ,1377453 ,5,12,25,26,38,45,23,5,7,13,1,12,7,
895,2020.01.25,12,58,2750,134059,2185782,1928079219 ,66485491 ,1402240 ,16,26,31,38,39,41,23,16,10,5,7,1,2,
894,2020.01.18,9,56,2331,116749,1971982,2377935959 ,63694714 ,1530204 ,19,32,37,40,41,43,45,19,13,5,3,1,2,
893,2020.01.11,9,58,2113,116062,1899696,2377433625 ,61485353 ,1687720 ,1,15,17,23,25,41,10,1,14,2,6,2,16,
892,2020.01.04,17,78,2709,134155,2155749,1282017464 ,46569011 ,1340858 ,4,9,17,18,26,42,36,4,5,8,1,8,16,
891,2019.12.28,7,77,2443,122132,1998623,3082673947 ,46707182 ,1472147 ,9,13,28,31,39,41,19,9,4,15,3,8,2,
890,2019.12.21,9,58,2376,114859,1915593,2335486167 ,60400505 ,1474424 ,1,4,14,18,29,37,6,1,3,10,4,11,8,
889,2019.12.14,10,60,2338,114198,1907477,2108986950 ,58582971 ,1503413 ,3,13,29,38,39,42,26,3,10,16,9,1,3,
888,2019.12.07,8,59,2453,123025,1990715,2370359204 ,53567440 ,1288414 ,3,7,12,31,34,38,32,3,4,5,19,3,4,
887,2019.11.30,8,66,2388,114719,1885924,2535268688 ,51217550 ,1415561 ,8,14,17,27,36,45,10,8,6,3,10,9,9,
886,2019.11.23,7,59,2140,109766,1768281,2974643786 ,58820640 ,1621691 ,19,23,28,37,42,45,2,19,4,5,9,5,3,
885,2019.11.16,13,56,2279,111832,1869359,1543832568 ,59731618 ,1467737 ,1,3,24,27,39,45,31,1,2,21,3,12,6,
884,2019.11.09,12,74,2207,108076,1817654,1799077282 ,48623711 ,1630338 ,4,14,23,28,37,45,17,4,10,9,5,9,8,
883,2019.11.02,15,65,2538,119613,1924209,1360519525 ,52327675 ,1340150 ,9,18,32,33,37,44,22,9,9,14,1,4,7,
882,2019.10.26,5,44,2082,109226,1839873,4127270400 ,78168000 ,1651966 ,18,34,39,43,44,45,23,18,16,5,4,1,1,
881,2019.10.19,8,67,2189,116952,1939849,2503212282 ,49815170 ,1524722 ,4,18,20,26,27,32,9,4,14,2,6,1,5,
880,2019.10.12,7,52,2332,114994,1939064,2837810465 ,63668825 ,1419717 ,7,17,19,23,24,45,38,7,10,2,4,1,21,
879,2019.10.05,6,77,2594,123497,1952277,3206361313 ,41641057 ,1236069 ,1,4,10,14,15,35,20,1,3,6,4,1,20,
878,2019.09.28,6,69,2971,129139,1994188,3207993500 ,46492660 ,1079769 ,2,6,11,16,25,31,3,2,4,5,5,9,6,
877,2019.09.21,12,75,2167,109806,1867270,1716607188 ,45776192 ,1584317 ,5,17,18,22,23,43,12,5,12,1,4,1,20,
876,2019.09.14,19,59,2427,112619,1856647,1090657856 ,58538134 ,1423054 ,5,16,21,26,34,42,24,5,11,5,5,8,8,
875,2019.09.07,14,33,2278,105071,1726617,1415946724 ,100117446 ,1450341 ,19,22,30,34,39,44,36,19,3,8,4,5,5,
874,2019.08.31,18,68,2240,110655,1830269,1117123917 ,49284879 ,1496149 ,1,15,19,23,28,42,32,1,14,4,4,5,14,
873,2019.08.24,10,68,2375,123684,2001910,1874553225 ,45944932 ,1315476 ,3,5,12,13,33,39,38,3,2,7,1,20,6,
872,2019.08.17,16,46,2018,99681,1715898,1262705579 ,73200324 ,1668591 ,2,4,30,32,33,43,29,2,2,26,2,1,10,
871,2019.08.10,7,61,2231,108666,1792357,2718071358 ,51984972 ,1421374 ,2,6,12,26,30,34,38,2,4,6,14,4,4,
870,2019.08.03,10,48,2033,102000,1705285,1928842988 ,66973715 ,1581279 ,21,25,30,32,40,42,31,21,4,5,2,8,2,
869,2019.07.27,10,56,2210,108562,1814332,1922582588 ,57219720 ,1449912 ,2,6,20,27,37,39,4,2,4,14,7,10,2,
868,2019.07.20,6,61,2152,109133,1789491,3233804250 ,53013185 ,1502698 ,12,17,28,41,43,44,25,12,5,11,13,2,1,
867,2019.07.13,5,57,2175,109516,1820552,3933755250 ,57511042 ,1507186 ,14,17,19,22,24,40,41,14,3,2,3,2,16,
866,2019.07.06,9,68,2035,104919,1770017,2240409000 ,49420787 ,1651408 ,9,15,29,34,37,39,12,9,6,14,5,3,2,
865,2019.06.29,13,52,2076,104626,1749234,1551729145 ,64655382 ,1619499 ,3,15,22,32,33,45,2,3,12,7,10,1,12,
864,2019.06.22,11,64,2467,122913,1957675,1716553637 ,49172110 ,1275645 ,3,7,10,13,25,36,32,3,4,3,3,12,11,
863,2019.06.15,7,64,2042,104949,1753097,2853357322 ,52014327 ,1630224 ,16,21,28,35,39,43,12,16,5,7,7,4,4,
862,2019.06.08,9,63,2042,104765,1755036,2190922709 ,52164827 ,1609395 ,10,34,38,40,42,43,32,10,24,4,2,2,1,
861,2019.06.01,4,65,2256,108644,1819899,4872108844 ,49970348 ,1439749 ,11,17,19,21,22,25,24,11,6,2,2,1,3,
860,2019.05.25,10,62,2339,128867,1882931,1879899825 ,50534942 ,1339533 ,4,8,18,25,27,32,42,4,4,10,7,2,5,
859,2019.05.18,11,51,1895,97729,1678945,1853927489 ,66644453 ,1793598 ,8,22,35,38,39,41,24,8,14,13,3,1,2,
858,2019.05.11,9,41,2075,106176,1789295,2202347459 ,80573688 ,1592059 ,9,13,32,38,39,43,23,9,4,19,6,1,4,
857,2019.05.04,15,62,2367,111971,1833940,1284915425 ,51811106 ,1357114 ,6,10,16,28,34,38,43,6,4,6,12,6,4,
856,2019.04.27,5,53,1949,104537,1700369,3977927550 ,62546031 ,1700842 ,10,24,40,41,43,44,17,10,14,16,1,2,1,
855,2019.04.20,9,61,2022,102532,1765328,2269510500 ,55807636 ,1683614 ,8,15,17,19,43,44,7,8,7,2,2,24,1,
854,2019.04.13,6,44,1865,99152,1716083,3421706750 ,77766063 ,1834696 ,20,25,31,32,36,43,3,20,5,6,1,4,7,
853,2019.04.06,7,90,2018,105158,1787511,2885006786 ,37398237 ,1667910 ,2,8,23,26,27,44,13,2,6,15,3,1,17,
852,2019.03.30,4,67,2328,114850,1876933,4801543407 ,47776552 ,1375013 ,11,17,28,30,33,35,9,11,6,11,2,3,2,
851,2019.03.23,8,70,2101,106132,1750048,2483692313 ,47308425 ,1576197 ,14,18,22,26,31,44,40,14,4,4,4,5,13,
850,2019.03.16,6,55,2023,101591,1727367,3377587875 ,61410689 ,1669594 ,16,20,24,28,36,39,5,16,4,4,4,8,3,
849,2019.03.09,17,56,2682,113125,1851371,1158252883 ,58602081 ,1223608 ,5,13,17,29,34,39,3,5,8,4,12,5,5,
848,2019.03.02,7,42,2109,103845,1792259,3011580858 ,83655024 ,1665961 ,1,2,16,22,38,39,34,1,1,14,6,16,1,
847,2019.02.23,8,40,2443,114324,1857205,2520846657 ,84028222 ,1375821 ,12,16,26,28,30,42,22,12,4,10,2,2,12,
846,2019.02.16,13,69,1997,106009,1797728,1596884395 ,50143713 ,1732557 ,5,18,30,41,43,45,13,5,13,12,11,2,2,
845,2019.02.09,11,56,2038,105790,1782933,1891217182 ,61914849 ,1701292 ,1,16,29,33,40,45,6,1,15,13,4,7,5,
844,2019.02.02,18,73,2406,120078,1997556,1162963542 ,47793023 ,1450080 ,7,8,13,15,33,45,18,7,1,5,2,18,12,
843,2019.01.26,5,52,2002,105717,1777953,4012970100 ,64310419 ,1670401 ,19,21,30,33,34,42,4,19,2,9,3,1,8,
842,2019.01.19,10,42,2039,103190,1735911,2035475025 ,80772819 ,1663786 ,14,26,32,36,39,42,38,14,12,6,4,3,3,
841,2019.01.12,17,88,2490,119648,1901965,1116095714 ,35934900 ,1269989 ,5,11,14,30,33,38,24,5,6,3,16,3,5,
840,2019.01.05,10,51,2275,110586,1852019,2042961788 ,66763458 ,1496676 ,2,4,11,28,29,43,27,2,2,7,17,1,14,
839,2018.12.29,13,48,2664,126227,1946924,1359454904 ,61364284 ,1105663 ,3,9,11,12,13,19,35,3,6,2,1,1,6,
838,2018.12.22,5,68,2220,107897,1777501,3813733050 ,46736925 ,1431582 ,9,14,17,33,36,38,20,9,5,3,16,3,2,
837,2018.12.15,6,47,2012,97334,1656959,3144449125 ,66903173 ,1562848 ,2,25,28,30,33,45,6,2,23,3,2,3,12,
836,2018.12.08,14,62,2230,103846,1719260,1257843670 ,47338203 ,1316130 ,1,9,11,14,26,28,19,1,8,2,3,12,2,
835,2018.12.01,15,58,2306,106763,1767089,1233681125 ,53175911 ,1337469 ,9,10,13,28,38,45,35,9,1,3,15,10,7,
834,2018.11.24,11,47,1967,99132,1643491,1690693671 ,65949044 ,1575804 ,6,8,18,35,42,43,3,6,2,10,17,7,1,
833,2018.11.17,8,53,1945,103152,1715510,2356317282 ,59278423 ,1615299 ,12,18,30,39,41,42,19,12,6,12,9,2,1,
832,2018.11.10,9,60,2137,102312,1706379,2088204584 ,52205115 ,1465750 ,13,14,19,26,40,43,30,13,1,5,7,14,3,
831,2018.11.03,16,61,2660,117332,1849959,1110702258 ,48555290 ,1113486 ,3,10,16,19,31,39,9,3,7,6,3,12,8,
830,2018.10.27,9,80,2142,106206,1764071,2060528750 ,38634915 ,1442948 ,5,6,16,18,37,38,17,5,1,10,2,19,1,
829,2018.10.20,8,45,1837,94679,1637836,2444650641 ,72434094 ,1774379 ,4,5,31,35,43,45,29,4,1,26,4,8,2,
828,2018.10.13,13,62,1968,100644,1704198,1455185972 ,50853274 ,1602085 ,4,7,13,29,31,39,18,4,3,6,16,2,8,
827,2018.10.06,15,46,2113,106164,1761371,1206500375 ,65570673 ,1427474 ,5,11,12,29,33,44,14,5,6,1,17,4,11,
826,2018.09.29,9,47,2232,108626,1755153,2075192084 ,66229535 ,1394619 ,13,16,24,25,33,36,42,13,3,8,1,8,3,
825,2018.09.22,12,53,2249,113070,1850484,1658710563 ,62592852 ,1475065 ,8,15,21,31,33,38,42,8,7,6,10,2,5,
824,2018.09.15,15,51,2106,105359,1745566,1256646550 ,61600322 ,1491746 ,7,9,24,29,34,38,26,7,2,15,5,5,4,
823,2018.09.08,9,61,2348,112065,1795737,2009843917 ,49422392 ,1283972 ,12,18,24,26,39,40,15,12,6,6,2,13,1,
822,2018.09.01,3,79,2153,108789,1735565,5930898625 ,37537334 ,1377357 ,9,18,20,24,27,36,12,9,9,2,4,3,9,
821,2018.08.25,14,55,2100,101082,1687355,1316155956 ,55836920 ,1462396 ,1,12,13,24,29,44,16,1,11,1,11,5,15,
820,2018.08.18,4,60,1987,99433,1644326,4627313532 ,51414595 ,1552530 ,10,21,22,30,35,42,6,10,11,1,8,5,7,
819,2018.08.11,7,49,1981,97667,1638089,2594534840 ,61774640 ,1527995 ,16,25,33,38,40,45,15,16,9,8,5,2,5,
818,2018.08.04,13,39,1845,90205,1490497,1380804318 ,76711351 ,1621541 ,14,15,25,28,29,30,3,14,1,10,3,1,1,
817,2018.07.28,9,54,2068,105276,1718171,1868477334 ,51902149 ,1355279 ,3,9,12,13,25,43,34,3,6,3,1,12,18,
816,2018.07.21,8,67,2064,102402,1675799,2128107938 ,42350407 ,1374747 ,12,18,19,29,31,39,7,12,6,1,10,2,8,
815,2018.07.14,7,39,1703,92977,1596140,2579855358 ,77175161 ,1767371 ,17,21,25,26,27,36,4,17,4,4,1,1,9,
814,2018.07.07,6,52,1833,93837,1585777,3067192063 ,58984463 ,1673319 ,2,21,28,38,42,45,30,2,19,7,10,4,3,
813,2018.06.30,4,43,1800,89323,1548384,4591763157 ,71190127 ,1700654 ,11,30,34,35,42,44,27,11,19,4,1,7,2,
812,2018.06.23,6,68,1976,100498,1693074,2947954750 ,43352276 ,1491880 ,1,3,12,14,16,43,10,1,2,9,2,2,27,
811,2018.06.16,7,49,2151,104155,1703788,2524148197 ,60098767 ,1369057 ,8,11,19,21,36,45,25,8,3,8,2,15,9,
810,2018.06.09,8,64,2053,100608,1672013,2231598047 ,46491626 ,1449325 ,5,10,13,21,39,43,11,5,5,3,8,18,4,
809,2018.06.02,6,56,2179,104350,1703714,2921372750 ,52167371 ,1340695 ,6,11,15,17,23,40,39,6,5,4,2,6,17,
808,2018.05.26,6,46,1962,95319,1597761,3087620500 ,67122185 ,1573711 ,15,21,31,32,41,43,24,15,6,10,1,9,2,
807,2018.05.19,7,59,2319,108300,1749855,2437662322 ,48202363 ,1226365 ,6,10,18,25,34,35,33,6,4,8,7,9,1,
806,2018.05.12,7,57,1850,91180,1561838,2640760875 ,54050662 ,1665345 ,14,20,23,31,37,38,27,14,6,3,8,6,1,
805,2018.05.05,4,53,2075,105602,1700112,4266061969 ,53661157 ,1370623 ,3,12,13,18,31,32,42,3,9,1,5,13,1,
804,2018.04.28,11,49,2048,100907,1659443,1631996523 ,61061095 ,1460935 ,1,10,13,26,32,36,9,1,9,3,13,6,4,
803,2018.04.21,5,50,2094,102413,1657869,3663810225 ,61063504 ,1458059 ,5,9,14,26,30,43,2,5,4,5,12,4,13,
802,2018.04.14,16,67,2207,107980,1814300,1082947993 ,43102408 ,1308501 ,10,11,12,18,24,42,27,10,1,1,6,6,18,
801,2018.04.07,8,51,1999,97006,1618941,2256786657 ,59000959 ,1505278 ,17,25,28,37,43,44,2,17,8,3,9,6,1,
800,2018.03.31,11,51,2179,110956,1801924,1632246205 ,58675518 ,1373315 ,1,4,10,12,28,45,26,1,3,6,2,16,17,
799,2018.03.24,10,56,2242,107519,1725236,1826427225 ,54357954 ,1357737 ,12,17,23,34,42,45,33,12,5,6,11,8,3,
798,2018.03.17,7,60,2124,98988,1653851,2710791911 ,52709843 ,1488979 ,2,10,14,22,32,36,41,2,8,4,8,10,4,
797,2018.03.10,8,34,1868,97900,1641334,2397028125 ,94001103 ,1710941 ,5,22,31,32,39,45,36,5,17,9,1,7,6,
796,2018.03.03,7,46,1921,96701,1643069,2763490340 ,70088524 ,1678331 ,1,21,26,36,40,41,5,1,20,5,10,4,1,
795,2018.02.24,11,62,2423,111043,1825105,1714977000 ,50711686 ,1297617 ,3,10,13,26,34,38,36,3,7,3,13,8,4,
794,2018.02.17,7,45,2607,116809,1877646,2650940304 ,68728082 ,1186331 ,6,7,18,19,30,38,13,6,1,11,1,11,8,
793,2018.02.10,5,61,2043,98216,1635392,3750146775 ,51231514 ,1529674 ,10,15,21,35,38,43,31,10,5,6,14,3,5,
792,2018.02.03,7,65,1958,99185,1684675,2655736768 ,47667071 ,1582411 ,2,7,19,25,29,36,16,2,5,12,6,4,7,
791,2018.01.27,14,38,2410,102931,1713102,1253081893 ,76943625 ,1213219 ,2,10,12,31,33,42,32,2,8,2,19,2,9,
790,2018.01.20,16,59,2417,113336,1812992,1160516274 ,52452713 ,1280394 ,3,8,19,27,30,41,12,3,5,11,8,3,11,
789,2018.01.13,15,70,2437,118089,1868863,1140976825 ,40749173 ,1170473 ,2,6,7,12,19,45,38,2,4,1,5,7,26,
788,2018.01.06,13,70,2257,112504,1828701,1401475154 ,43378993 ,1345384 ,2,10,11,19,35,39,29,2,8,1,8,16,4,
787,2017.12.30,6,51,2339,114842,1863599,3092108313 ,60629575 ,1321979 ,5,6,13,16,27,28,9,5,1,7,3,11,1,
786,2017.12.23,4,96,2064,103000,1708226,4551365250 ,31606704 ,1470080 ,12,15,16,20,24,30,38,12,3,1,4,4,6,
785,2017.12.16,6,55,1972,100062,1678240,2886622688 ,52484049 ,1463805 ,4,6,15,25,26,33,40,4,2,9,10,1,7,
784,2017.12.09,9,51,2257,115089,1699421,1908678000 ,56137589 ,1268506 ,3,10,23,24,31,39,22,3,7,13,1,7,8,
783,2017.12.02,4,36,1869,90899,1532640,4603964625 ,85258605 ,1642221 ,14,15,16,17,38,45,36,14,1,1,1,21,7,
782,2017.11.25,9,49,2047,96821,1585617,1946487625 ,59586356 ,1426347 ,6,18,31,34,38,45,20,6,12,13,3,4,7,
781,2017.11.18,9,52,1967,102959,1699786,1882891542 ,54314180 ,1435861 ,11,16,18,19,24,39,43,11,5,2,1,5,15,
780,2017.11.11,11,45,1681,92630,1605516,1667520137 ,67936006 ,1818632 ,15,17,19,21,27,45,16,15,2,2,2,6,18,
779,2017.11.04,11,66,2503,114464,1751447,1527709296 ,42436370 ,1118978 ,6,12,19,24,34,41,4,6,6,7,5,10,7,
778,2017.10.28,3,67,1731,92126,1575045,6264069500 ,46746788 ,1809379 ,6,21,35,36,37,41,11,6,15,14,1,1,4,
777,2017.10.21,21,66,2413,111938,1766635,833468036 ,44199063 ,1208926 ,6,12,17,21,34,37,18,6,6,5,4,13,3,
776,2017.10.14,7,50,2001,102081,1687650,2557579393 ,59676853 ,1491176 ,8,9,18,21,28,40,20,8,1,9,3,7,12,
775,2017.10.07,5,37,1719,91297,1539325,3470437650 ,78163011 ,1682392 ,11,12,29,33,38,42,17,11,1,17,4,5,4,
774,2017.09.30,11,60,1956,101524,1704279,1709721512 ,52241491 ,1602500 ,12,15,18,28,34,42,9,12,3,3,10,6,8,
773,2017.09.23,11,58,2094,104474,1690404,1609403080 ,50871937 ,1409061 ,8,12,19,21,31,35,44,8,4,7,2,10,4,
772,2017.09.16,10,53,2027,103023,1688350,1769608838 ,55648077 ,1455032 ,5,6,11,14,21,41,32,5,1,5,3,7,20,
771,2017.09.09,4,49,2054,102013,1680976,4362644907 ,59355714 ,1415984 ,6,10,17,18,21,29,30,6,4,7,1,3,8,
770,2017.09.02,8,75,2302,108450,1717526,2163099329 ,38455100 ,1252882 ,1,9,12,23,39,43,34,1,8,3,11,16,4,
769,2017.08.26,9,55,1962,99272,1660799,1930760042 ,52657093 ,1476117 ,5,7,11,16,41,45,4,5,2,4,5,25,4,
768,2017.08.19,13,53,1849,93126,1572387,1363572260 ,55743521 ,1597841 ,7,27,29,30,38,44,4,7,20,2,1,8,6,
767,2017.08.12,15,46,1905,92437,1549115,1163768725 ,63248301 ,1527256 ,5,15,20,31,34,42,22,5,10,5,11,3,8,
766,2017.08.05,8,41,1734,85422,1458764,2173637297 ,70687392 ,1671386 ,9,30,34,35,39,41,21,9,21,4,1,4,2,
765,2017.07.29,15,54,2121,101653,1643849,1109214250 ,51352512 ,1307419 ,1,3,8,12,42,43,33,1,2,5,4,30,1,
764,2017.07.22,7,44,1908,90896,1530979,2459975465 ,65226623 ,1504178 ,7,22,24,31,34,36,15,7,15,2,7,3,2,
763,2017.07.15,8,45,2019,94176,1562106,2138130000 ,63352000 ,1412006 ,3,8,16,32,34,43,10,3,5,8,16,2,9,
762,2017.07.08,10,53,2044,103406,1671344,1631432063 ,51302896 ,1330261 ,1,3,12,21,26,41,16,1,2,9,9,5,15,
761,2017.07.01,7,52,2139,101503,1660130,2392730518 ,53683057 ,1305058 ,4,7,11,24,42,45,30,4,3,4,13,18,3,
760,2017.06.24,8,45,1749,89221,1520831,2253299391 ,66764427 ,1717782 ,10,22,27,31,42,43,12,10,12,5,4,11,1,
759,2017.06.17,6,44,1761,88543,1525518,3032670500 ,68924330 ,1722130 ,9,33,36,40,42,43,32,9,24,3,4,2,1,
758,2017.06.10,8,63,2170,106121,1680080,2078969954 ,43999365 ,1277401 ,5,9,12,30,39,43,24,5,4,3,18,9,4,
757,2017.06.03,21,68,2657,117353,1788667,739839858 ,38079993 ,974573 ,6,7,11,17,33,44,1,6,1,4,6,16,11,
756,2017.05.27,5,53,1866,94800,1598715,3414434700 ,53686081 ,1524846 ,10,14,16,18,27,28,4,10,4,2,2,9,1,
755,2017.05.20,8,54,1845,89745,1508502,2214427266 ,54677217 ,1600309 ,13,14,26,28,30,36,37,13,1,12,2,2,6,
754,2017.05.13,5,50,1856,93279,1573739,3427542000 ,57125700 ,1538947 ,2,8,17,24,29,31,32,2,6,9,7,5,2,
753,2017.05.06,6,58,1934,97566,1578072,2711105063 ,46743191 ,1401813 ,2,17,19,24,37,41,3,2,15,2,5,13,4,
752,2017.04.29,9,75,2036,102477,1646451,1870358834 ,37407177 ,1377966 ,4,16,20,33,40,43,7,4,12,4,13,7,3,
751,2017.04.22,8,69,2210,102632,1651438,2097968110 ,40540447 ,1265743 ,3,4,16,20,28,44,17,3,1,12,4,8,16,
750,2017.04.15,7,44,1779,93135,1585532,2522104286 ,66873978 ,1653994 ,1,2,15,19,24,36,12,1,1,13,4,5,12,
749,2017.04.08,13,64,1985,95573,1589197,1350104395 ,45706660 ,1473666 ,12,14,24,26,34,45,41,12,2,10,2,8,11,
748,2017.04.01,9,59,1937,99448,1652756,1928246542 ,49023218 ,1493222 ,3,10,13,22,31,32,29,3,7,3,9,9,1,
747,2017.03.25,9,59,2217,105307,1713003,1903214584 ,48386812 ,1287696 ,7,9,12,14,23,28,17,7,2,3,2,9,5,
746,2017.03.18,9,58,1904,94197,1589291,2038623709 ,52723027 ,1606059 ,3,12,33,36,42,45,25,3,9,21,3,6,3,
745,2017.03.11,20,110,3692,141918,1955276,746822982 ,22631000 ,674272 ,1,2,3,9,12,23,10,1,1,1,6,3,11,
744,2017.03.04,15,61,2779,109229,1636793,1155411575 ,47352934 ,1039414 ,10,15,18,21,34,41,43,10,5,3,3,13,7,
743,2017.02.25,7,46,1982,91886,1555362,2608641000 ,66161185 ,1535527 ,15,19,21,34,41,44,10,15,4,2,13,7,3,
742,2017.02.18,16,44,1986,98348,1658556,1111814813 ,67382716 ,1492870 ,8,10,13,36,37,40,6,8,2,3,23,1,3,
741,2017.02.11,6,55,1829,95007,1619435,3043595938 ,55338108 ,1664077 ,5,21,27,34,44,45,16,5,16,6,7,10,1,
740,2017.02.04,18,43,2447,115722,1864169,936929792 ,65367195 ,1148668 ,4,8,9,16,17,19,31,4,4,1,7,1,2,
739,2017.01.28,4,45,1942,101983,1719739,4744122282 ,70283294 ,1628604 ,7,22,29,33,34,35,30,7,15,7,4,1,1,
738,2017.01.21,11,48,1640,88050,1502685,1634191091 ,62417021 ,1826840 ,23,27,28,38,42,43,36,23,4,1,10,4,1,
737,2017.01.14,4,48,1937,94183,1567166,4283061000 ,59486959 ,1474122 ,13,15,18,24,27,41,11,13,2,3,6,3,14,
736,2017.01.07,5,54,2250,107357,1747634,3397362225 ,52428430 ,1258283 ,2,11,17,18,21,27,6,2,9,6,1,3,6,
735,2016.12.31,10,50,2269,107013,1752740,1847231588 ,61574387 ,1356862 ,5,10,13,27,37,41,4,5,5,3,14,10,4,
734,2016.12.24,9,36,1758,92514,1542069,1949395500 ,81224813 ,1663307 ,6,16,37,38,41,45,18,6,10,21,1,3,4,
733,2016.12.17,4,57,1966,101369,1633952,4016725125 ,46979242 ,1362064 ,11,24,32,33,35,40,13,11,13,8,1,2,5,
732,2016.12.10,7,45,2061,104583,1705993,2203270608 ,57121831 ,1247202 ,2,4,5,17,27,32,43,2,2,1,12,10,5,
731,2016.12.03,7,45,1908,96083,1594258,2340471054 ,60678880 ,1431106 ,2,7,13,25,42,45,39,2,5,6,12,17,3,
730,2016.11.26,8,45,1741,88791,1501752,2017382110 ,59774285 ,1544999 ,4,10,14,15,18,22,39,4,6,4,1,3,4,
729,2016.11.19,4,35,1875,89560,1504682,4198250719 ,79966681 ,1492712 ,11,17,21,26,36,45,16,11,6,4,5,10,9,
728,2016.11.12,5,56,1869,94693,1559062,3243464400 ,48265840 ,1446168 ,3,6,10,30,34,37,36,3,3,4,20,4,3,
727,2016.11.05,14,87,2064,99271,1600135,1115107742 ,29907105 ,1260620 ,7,8,10,19,21,31,20,7,1,2,9,2,10,
726,2016.10.29,14,56,2099,96718,1556425,1166872634 ,48619694 ,1297143 ,1,11,21,23,34,44,24,1,10,10,2,11,10,
725,2016.10.22,11,47,1795,88359,1504907,1579217250 ,61600673 ,1612943 ,6,7,19,21,41,43,38,6,1,12,2,20,2,
724,2016.10.15,12,55,1833,90083,1528970,1427789813 ,51919630 ,1557873 ,2,8,33,35,37,41,14,2,6,25,2,2,4,
723,2016.10.08,8,40,1777,85141,1412967,2114365360 ,70478846 ,1586469 ,20,30,33,35,36,44,22,20,10,3,2,1,8,
722,2016.10.01,4,46,1688,84912,1439078,4365422719 ,63266996 ,1724101 ,12,14,21,30,39,43,45,12,2,7,9,9,4,
721,2016.09.24,8,40,1607,84770,1464353,2273767360 ,75792246 ,1886553 ,1,28,35,41,43,44,31,1,27,7,6,2,1,
720,2016.09.17,14,37,1778,88260,1505233,1233770358 ,77805338 ,1619122 ,1,12,29,34,36,37,41,1,11,17,5,2,1,
719,2016.09.10,9,58,2020,99906,1627784,1879581334 ,48609863 ,1395729 ,4,8,13,19,20,43,26,4,4,5,6,1,23,
718,2016.09.03,17,64,2404,114614,1595315,926166464 ,41002162 ,1091572 ,4,11,20,23,32,39,40,4,7,9,3,9,7,
717,2016.08.27,6,47,1974,96836,1567530,2702433688 ,57498590 ,1369015 ,2,11,19,25,28,32,44,2,9,8,6,3,4,
716,2016.08.20,12,35,1743,88628,1469730,1358752157 ,77642981 ,1559096 ,2,6,13,16,29,30,21,2,4,7,3,13,1,
715,2016.08.13,6,61,1873,90747,1503174,2605510438 ,42713286 ,1391090 ,2,7,27,33,41,44,10,2,5,20,6,8,3,
714,2016.08.06,7,46,2029,96576,1551993,2085131733 ,52883776 ,1198943 ,1,7,22,33,37,40,20,1,6,15,11,4,3,
713,2016.07.30,9,50,1791,87920,1470125,1714720917 ,51441628 ,1436115 ,2,5,15,18,19,23,44,2,3,10,3,1,4,
712,2016.07.23,4,47,1727,86066,1449521,4034485125 ,57226740 ,1557416 ,17,20,30,31,33,45,19,17,3,10,1,2,12,
711,2016.07.16,7,44,1865,89898,1465123,2277413358 ,60385961 ,1424656 ,11,15,24,35,37,45,42,11,4,9,11,2,8,
710,2016.07.09,5,57,1990,102058,1627229,2895441150 ,42331011 ,1212497 ,3,4,9,24,25,33,10,3,1,5,15,1,8,
709,2016.07.02,14,44,1696,82305,1385853,1165271625 ,61794708 ,1603165 ,10,18,30,36,39,44,32,10,8,12,6,3,5,
708,2016.06.25,4,52,1712,86091,1446865,4099552219 ,52558362 ,1596399 ,2,10,16,19,34,45,1,2,8,6,3,15,11,
707,2016.06.18,12,74,2006,94281,1507647,1322167313 ,35734252 ,1318213 ,2,12,19,24,39,44,35,2,10,7,5,15,5,
706,2016.06.11,4,51,2108,95376,1531393,3831746063 ,50088184 ,1211811 ,3,4,6,10,28,30,37,3,1,2,4,18,2,
705,2016.06.04,4,49,1805,87931,1453654,3987206532 ,54247708 ,1472653 ,1,6,17,22,28,45,23,1,5,11,5,6,17,
704,2016.05.28,4,47,1906,95021,1519932,3865190344 ,54825395 ,1351938 ,1,4,8,23,33,42,45,1,3,4,15,10,9,
703,2016.05.21,5,51,1719,84194,1416580,3235784100 ,52872290 ,1568637 ,10,28,31,33,41,44,21,10,18,3,2,8,3,
702,2016.05.14,11,46,1819,88043,1443954,1465091387 ,58391324 ,1476636 ,3,13,16,24,26,29,9,3,10,3,8,2,3,
701,2016.05.07,10,40,1659,81917,1404422,1583183175 ,65965966 ,1590500 ,3,10,14,16,36,38,35,3,7,4,2,20,2,
700,2016.04.30,8,41,1562,82874,1414076,2082099188 ,67710543 ,1777294 ,11,23,28,29,30,44,13,11,12,5,1,1,14,
699,2016.04.23,8,50,1799,90504,1512397,1995411375 ,53210970 ,1478905 ,4,5,8,16,21,29,3,4,1,3,8,5,8,
698,2016.04.16,8,48,2088,97965,1550364,1921084125 ,53363448 ,1226746 ,3,11,13,21,33,37,18,3,8,2,8,12,4,
697,2016.04.09,10,90,1940,99698,1615786,1531443038 ,28360057 ,1315673 ,2,5,8,11,33,39,31,2,3,3,3,22,6,
696,2016.04.02,10,44,1721,90020,1501952,1632054413 ,61820243 ,1580530 ,1,7,16,18,34,38,21,1,6,9,2,16,4,
695,2016.03.26,11,66,1979,95436,1558885,1450214830 ,40283746 ,1343471 ,4,18,26,33,34,38,14,4,14,8,7,1,4,
694,2016.03.19,10,78,2286,102474,1581822,1555036388 ,33227274 ,1133739 ,7,15,20,25,33,43,12,7,8,5,5,8,10,
693,2016.03.12,10,43,1692,87017,1484420,1642763813 ,63673016 ,1618168 ,1,6,11,28,34,42,30,1,5,5,17,6,8,
692,2016.03.05,7,44,1770,87763,1465709,2301273697 ,61018621 ,1516848 ,3,11,14,15,32,36,44,3,8,3,1,17,4,
691,2016.02.27,6,31,1708,86063,1455528,2839296750 ,91590218 ,1662352 ,15,27,33,35,43,45,16,15,12,6,2,8,2,
690,2016.02.20,15,34,1772,87970,1528472,1126507625 ,82831444 ,1589317 ,24,25,33,34,38,39,43,24,1,8,1,4,1,
689,2016.02.13,7,44,1809,90296,1509073,2321775911 ,61562241 ,1497368 ,7,17,19,30,36,38,34,7,10,2,11,6,2,
688,2016.02.06,9,53,2107,97676,1610713,1967536750 ,55685003 ,1400715 ,5,15,22,23,34,35,2,5,10,7,1,11,1,
687,2016.01.30,6,38,1780,91404,1538380,2720029313 ,71579719 ,1528107 ,1,8,10,13,28,42,45,1,7,2,3,15,14,
686,2016.01.23,8,36,1863,91027,1483730,1937531719 ,71760435 ,1386676 ,7,12,15,24,25,43,13,7,5,3,9,1,18,
685,2016.01.16,11,52,1910,95302,1576169,1494367671 ,52686040 ,1434385 ,6,7,12,28,38,40,18,6,1,5,16,10,2,
684,2016.01.09,9,62,1968,98607,1623161,1688815709 ,40858445 ,1287208 ,1,11,15,17,25,39,40,1,10,4,2,8,14,
683,2016.01.02,16,45,2704,117974,1700964,1010930883 ,59907016 ,996974 ,6,13,20,27,28,40,15,6,7,7,7,1,12,
682,2015.12.26,4,56,1851,87618,1464978,4063713563 ,48377543 ,1463611 ,17,23,27,35,38,43,2,17,6,4,8,3,5,
681,2015.12.19,6,37,1441,73062,1282079,2696328938 ,72873756 ,1871152 ,21,24,27,29,43,44,7,21,3,3,2,14,1,
680,2015.12.12,14,44,1870,86441,1413980,1110570563 ,58893894 ,1385739 ,4,10,19,29,32,42,30,4,6,9,10,3,10,
679,2015.12.05,5,54,1829,91171,1493041,2863005600 ,44182186 ,1304450 ,3,5,7,14,26,34,35,3,2,2,7,12,8,
678,2015.11.28,6,41,1855,93305,1494095,2288490188 ,55816834 ,1233688 ,4,5,6,12,25,37,45,4,1,1,6,13,12,
677,2015.11.21,8,37,1701,79827,1330115,1921114407 ,69229348 ,1505871 ,12,15,24,36,41,44,42,12,3,9,12,5,3,
676,2015.11.14,8,63,1665,83276,1371921,1879726500 ,39782572 ,1505287 ,1,8,17,34,39,45,27,1,7,9,17,5,6,
675,2015.11.07,4,65,1806,88118,1415830,3514549032 ,36046657 ,1297361 ,1,8,11,15,18,45,7,1,7,3,4,3,27,
674,2015.10.31,8,48,1846,89646,1465031,1770565500 ,49182375 ,1278849 ,9,10,14,25,27,31,11,9,1,4,11,2,4,
673,2015.10.24,10,35,1864,88838,1450769,1491453300 ,71021586 ,1333560 ,7,10,17,29,33,44,5,7,3,7,12,4,11,
672,2015.10.17,9,46,1629,80167,1341175,1754745000 ,57219946 ,1615788 ,8,21,28,31,36,45,43,8,13,7,3,5,9,
671,2015.10.10,4,48,1778,90364,1519963,3722322844 ,51698929 ,1395697 ,7,9,10,13,31,35,24,7,2,1,3,18,4,
670,2015.10.03,12,39,2145,92680,1483948,1191725219 ,61114114 ,1111166 ,11,18,26,27,40,41,25,11,7,8,1,13,1,
669,2015.09.26,6,52,1949,93078,1531364,2708173188 ,52080254 ,1389520 ,7,8,20,29,33,38,9,7,1,12,9,4,5,
668,2015.09.19,5,56,1873,89414,1452289,2991158625 ,44511290 ,1330824 ,12,14,15,24,27,32,3,12,2,1,9,3,5,
667,2015.09.12,7,40,1543,81344,1368363,2228764393 ,65005629 ,1685176 ,15,17,25,37,42,43,13,15,2,8,12,5,1,
666,2015.09.05,6,47,1947,93631,1493940,2396901063 ,50997895 ,1231074 ,2,4,6,11,17,28,16,2,2,2,5,6,11,
665,2015.08.29,4,30,1790,87227,1430205,3643230375 ,80960675 ,1356883 ,5,6,11,17,38,44,13,5,1,5,6,21,6,
664,2015.08.22,10,44,1530,77395,1320082,1536801338 ,58212172 ,1674076 ,10,20,33,36,41,44,5,10,10,13,3,5,3,
663,2015.08.15,7,60,1627,84092,1386028,2080244143 ,40449192 ,1491673 ,3,5,8,19,38,42,20,3,2,3,11,19,4,
662,2015.08.08,8,43,1787,88493,1426759,1689733688 ,52394844 ,1260761 ,5,6,9,11,15,37,26,5,1,3,2,4,22,
661,2015.08.01,8,63,1830,87840,1426883,1713025547 ,36254509 ,1248107 ,2,3,12,20,27,38,40,2,1,9,8,7,11,
660,2015.07.25,10,48,1951,88247,1408802,1421272575 ,49349743 ,1214141 ,4,9,23,33,39,44,14,4,5,14,10,6,5,
659,2015.07.18,11,40,1765,85028,1396789,1336604216 ,61261027 ,1388352 ,7,18,19,27,29,42,45,7,11,1,8,2,13,
658,2015.07.11,9,38,1678,82738,1364069,1634031375 ,64501239 ,1460696 ,8,19,25,28,32,36,37,8,11,6,3,4,4,
657,2015.07.04,9,52,1562,78396,1325593,1694762792 ,48887389 ,1627494 ,10,14,19,39,40,43,23,10,4,5,20,1,3,
656,2015.06.27,2,48,1747,83772,1385757,7330002750 ,50902797 ,1398589 ,3,7,14,16,31,40,39,3,4,7,2,15,9,
655,2015.06.20,9,41,1610,77437,1281655,1661439625 ,60784377 ,1547926 ,7,37,38,39,40,44,18,7,30,1,1,1,4,
654,2015.06.13,8,69,1787,77788,1282725,1879301391 ,36315003 ,1402203 ,16,21,26,31,36,43,6,16,5,5,5,5,7,
653,2015.06.06,14,56,1997,88995,1419408,980958670 ,40873278 ,1146172 ,5,6,26,27,38,39,1,5,1,20,1,11,1,
652,2015.05.30,5,36,1504,75739,1280663,3003483525 ,69525082 ,1664165 ,3,13,15,40,41,44,20,3,10,2,25,1,3,
651,2015.05.23,8,35,1684,82567,1365832,1855306454 ,70678342 ,1468968 ,11,12,16,26,29,44,18,11,1,4,10,3,15,
650,2015.05.16,5,45,1814,87030,1429743,2849298900 ,52764795 ,1308940 ,3,4,7,11,31,41,35,3,1,3,4,20,10,
649,2015.05.09,5,45,1689,80347,1313125,2948042100 ,54593373 ,1454531 ,3,21,22,33,41,42,20,3,18,1,11,8,1,
648,2015.05.02,7,45,1631,80986,1318403,2120987947 ,54988577 ,1517159 ,13,19,28,37,38,43,4,13,6,9,9,1,5,
647,2015.04.25,7,44,1596,79202,1351926,2189725608 ,58060907 ,1600677 ,5,16,21,23,24,30,29,5,11,5,2,1,6,
646,2015.04.18,7,36,1522,77400,1321212,2215498393 ,71798560 ,1698258 ,2,9,24,41,43,45,30,2,7,15,17,2,2,
645,2015.04.11,4,28,1766,87873,1444728,3696297750 ,88007090 ,1395356 ,1,4,16,26,40,41,31,1,3,12,10,14,1,
644,2015.04.04,8,49,1879,87582,1401744,1831451204 ,49835407 ,1299593 ,5,13,17,23,28,36,8,5,8,4,6,5,8,
643,2015.03.28,6,43,1525,84656,1407225,2535763625 ,58971248 ,1662796 ,15,24,31,32,33,40,13,15,9,7,1,1,7,
642,2015.03.21,12,62,1815,88406,1465689,1251460438 ,40369692 ,1379020 ,8,17,18,24,39,45,32,8,9,1,6,15,6,
641,2015.03.14,8,50,1565,79145,1340371,1990074563 ,53068655 ,1695485 ,11,18,21,36,37,43,12,11,7,3,15,1,6,
640,2015.03.07,9,48,1639,85410,1404905,1728768834 ,54024027 ,1582156 ,14,15,18,21,26,35,23,14,1,3,3,5,9,
639,2015.02.28,4,45,1628,84861,1439719,4061185219 ,60165707 ,1663058 ,6,15,22,23,25,32,40,6,9,7,1,2,7,
638,2015.02.21,7,41,1719,84781,1422596,2229403179 ,63438302 ,1513072 ,7,18,22,24,31,34,6,7,11,4,2,7,3,
637,2015.02.14,4,45,1637,82147,1369826,3899241094 ,57766535 ,1587963 ,3,16,22,37,38,44,23,3,13,6,15,1,6,
636,2015.02.07,8,44,1973,90830,1461300,1832362219 ,55526128 ,1238292 ,6,7,15,16,20,31,26,6,1,8,1,4,11,
635,2015.01.31,8,35,1650,85675,1427626,1855587235 ,70689038 ,1499465 ,11,13,25,26,29,33,32,11,2,12,1,3,4,
634,2015.01.24,13,54,2208,101514,1562975,1077935106 ,43250483 ,1057757 ,4,10,11,12,20,27,38,4,6,1,1,8,7,
633,2015.01.17,12,47,1789,87613,1430227,1217257094 ,51798175 ,1360825 ,9,12,19,20,39,41,13,9,3,7,1,19,2,
632,2015.01.10,11,52,1645,78418,1320223,1432587716 ,50507901 ,1596603 ,15,18,21,32,35,44,6,15,3,3,11,3,9,
631,2015.01.03,4,46,1676,85710,1491785,3919853532 ,56809472 ,1559210 ,1,2,4,23,31,34,8,1,1,2,19,8,3,
630,2014.12.27,3,48,1631,84380,1420745,4836305500 ,50378183 ,1482620 ,8,17,21,24,27,31,15,8,9,4,3,3,4,
629,2014.12.20,5,34,1321,68554,1183752,2919433575 ,71554745 ,1841682 ,19,28,31,38,43,44,1,19,9,3,7,5,1,
628,2014.12.13,9,37,1628,80147,1323978,1499942875 ,60808495 ,1382012 ,1,7,12,15,23,42,11,1,6,5,3,8,19,
627,2014.12.06,10,35,1532,74824,1243945,1352230650 ,64391936 ,1471096 ,2,9,22,25,31,45,12,2,7,13,3,6,14,
626,2014.11.29,8,45,1766,86261,1371217,1717871110 ,50899885 ,1296996 ,13,14,26,33,40,43,15,13,1,12,7,7,3,
625,2014.11.22,5,45,1654,82014,1354445,2765184675 ,51207124 ,1393181 ,3,6,7,20,21,39,13,3,3,1,13,1,18,
624,2014.11.15,5,61,1574,78840,1309900,2763729450 ,37755867 ,1463220 ,1,7,19,26,27,35,16,1,6,12,7,1,8,
623,2014.11.08,8,35,1456,73522,1245962,1813702594 ,69093433 ,1660900 ,7,13,30,39,41,45,25,7,6,17,9,2,4,
622,2014.11.01,9,34,1629,77626,1270437,1630598292 ,71938160 ,1501472 ,9,15,16,21,28,34,24,9,6,1,5,7,6,
621,2014.10.25,6,62,1555,82843,1336734,2359723500 ,38060057 ,1517508 ,1,2,6,16,19,42,9,1,1,4,10,3,23,
620,2014.10.18,7,44,1661,78155,1266599,2028283233 ,53780238 ,1424643 ,2,16,17,32,39,45,40,2,14,1,15,7,6,
619,2014.10.11,3,59,1712,83710,1355209,4612479375 ,39088809 ,1347103 ,6,8,13,30,35,40,21,6,2,5,17,5,5,
618,2014.10.04,5,45,1581,75243,1260882,2881326225 ,53357894 ,1518726 ,8,16,25,30,42,43,15,8,8,9,5,12,1,
617,2014.09.27,8,43,1993,93731,1481805,1629701860 ,50533391 ,1090284 ,4,5,11,12,24,27,28,4,1,6,1,12,3,
616,2014.09.20,9,49,1700,81118,1350809,1611811250 ,49341161 ,1422187 ,5,13,18,23,40,45,3,5,8,5,5,17,5,
615,2014.09.13,9,31,1670,83981,1383278,1535062417 ,74277214 ,1378799 ,10,17,18,19,23,27,35,10,7,1,1,4,4,
614,2014.09.06,6,46,1523,80393,1360707,2540975438 ,55238597 ,1668402 ,8,21,25,39,40,44,18,8,13,4,14,1,4,
613,2014.08.30,9,30,1538,77945,1299580,1549831209 ,77491561 ,1511539 ,7,8,11,16,41,44,35,7,1,3,5,25,3,
612,2014.08.23,11,59,1833,86228,1364516,1181705250 ,36719655 ,1181921 ,6,9,18,19,25,33,40,6,3,9,1,6,8,
611,2014.08.16,4,47,1486,74589,1258998,3502706157 ,49683776 ,1571425 ,2,22,27,33,36,37,14,2,20,5,6,3,1,
610,2014.08.09,4,34,1398,71718,1218676,3516018375 ,68941537 ,1676690 ,14,18,20,23,28,36,33,14,4,2,3,5,8,
609,2014.08.02,2,47,1621,80472,1300134,6339311438 ,44959656 ,1303581 ,4,8,27,34,39,40,13,4,4,19,7,5,1,
608,2014.07.26,7,32,1516,74353,1243159,1943530018 ,70857866 ,1495681 ,4,8,18,19,39,44,41,4,4,10,1,20,5,
607,2014.07.19,4,35,1448,73277,1220405,3494480907 ,66561542 ,1608878 ,8,14,23,36,38,39,13,8,6,9,13,2,1,
606,2014.07.12,10,44,1542,82879,1366588,1311566850 ,49680563 ,1417604 ,1,5,6,14,20,39,22,1,4,1,8,6,19,
605,2014.07.05,9,40,2286,92980,1386335,1394232250 ,52283710 ,914851 ,1,2,7,9,10,38,42,1,1,5,2,1,28,
604,2014.06.28,11,36,1451,75476,1266398,1229141557 ,62595172 ,1553016 ,2,6,18,21,33,34,30,2,4,12,3,12,1,
603,2014.06.21,4,30,1363,71799,1227396,3452136563 ,76714146 ,1688500 ,2,19,25,26,27,43,28,2,17,6,1,1,16,
602,2014.06.14,8,42,1675,77026,1251693,1689530860 ,53635901 ,1344901 ,13,14,22,27,30,38,2,13,1,8,5,3,8,
601,2014.06.07,9,28,1516,72233,1205559,1524565209 ,81673137 ,1508475 ,2,16,19,31,34,35,37,2,14,3,12,3,1,
600,2014.05.31,15,41,1518,77138,1258677,901798725 ,54987728 ,1485176 ,5,11,14,27,29,36,44,5,6,3,13,2,7,
599,2014.05.24,8,43,1685,79069,1297530,1710918329 ,53051732 ,1353843 ,5,12,17,29,34,35,27,5,7,5,12,5,1,
598,2014.05.17,16,50,2053,86005,1333411,833998594 ,44479925 ,1083291 ,4,12,24,33,38,45,22,4,8,12,9,5,7,
597,2014.05.10,13,46,1532,75553,1260248,1057920606 ,49829594 ,1496189 ,8,10,23,24,35,43,37,8,2,13,1,11,8,
596,2014.05.03,10,41,1651,80007,1313990,1328267663 ,53994621 ,1340872 ,3,4,12,14,25,43,17,3,1,8,2,11,18,
595,2014.04.26,8,54,1501,77652,1281555,1744525219 ,43074697 ,1549656 ,8,24,28,35,38,40,5,8,16,4,7,3,2,
594,2014.04.19,11,42,1750,79157,1301802,1255592796 ,54807623 ,1315383 ,2,8,13,25,28,37,3,2,6,5,12,3,9,
593,2014.04.12,9,62,1818,87413,1383890,1532833500 ,37084682 ,1264715 ,9,10,13,24,33,38,28,9,1,3,11,9,5,
592,2014.04.05,6,28,1406,75519,1284347,2356381688 ,84156489 ,1675948 ,2,5,6,13,28,44,43,2,3,1,7,15,16,
591,2014.03.29,5,38,1483,73310,1251393,2964676200 ,65014829 ,1665923 ,8,13,14,30,38,39,5,8,5,1,16,8,1,
590,2014.03.22,7,31,1370,70019,1221113,2185183983 ,82238107 ,1860863 ,20,30,36,38,41,45,23,20,10,6,2,3,4,
589,2014.03.15,7,42,1559,77435,1301184,2136877983 ,59357722 ,1599118 ,6,8,28,33,38,39,22,6,2,20,5,5,1,
588,2014.03.08,5,43,1676,78517,1315684,2889342075 ,55995002 ,1436626 ,2,8,15,22,25,41,30,2,6,7,7,3,16,
587,2014.03.01,3,43,1437,73745,1254438,4974577375 ,57843923 ,1730890 ,14,21,29,31,32,37,17,14,7,8,2,1,5,
586,2014.02.22,8,46,1570,80965,1346737,1778354344 ,51546503 ,1510280 ,2,7,12,15,21,34,5,2,5,5,3,6,13,
585,2014.02.15,9,45,1528,79691,1339079,1620546334 ,54018212 ,1590851 ,6,7,10,16,38,41,4,6,1,3,6,22,3,
584,2014.02.08,3,32,1464,77972,1328119,5033183250 ,78643489 ,1718984 ,7,18,30,39,40,41,36,7,11,12,9,1,1,
583,2014.02.01,11,51,1826,88583,1445611,1341848353 ,48236379 ,1347238 ,8,17,27,33,40,44,24,8,9,10,6,7,4,
582,2014.01.25,4,57,1631,79917,1333596,3560558719 ,41643962 ,1455369 ,2,12,14,33,40,41,25,2,10,2,19,7,1,
581,2014.01.18,8,39,1384,76964,1321056,1844554547 ,63061694 ,1777028 ,3,5,14,20,42,44,33,3,2,9,6,22,2,
580,2014.01.11,7,42,1665,86352,1401162,2028610500 ,56350292 ,1421449 ,5,7,9,11,32,35,33,5,2,2,2,21,3,
579,2014.01.04,11,46,1769,85011,1408043,1396068444 ,55640409 ,1446840 ,5,7,20,22,37,42,39,5,2,13,2,15,5,
578,2013.12.28,5,43,1615,80303,1326822,2796466575 ,54195089 ,1442966 ,5,12,14,32,34,42,16,5,7,2,18,2,8,
577,2013.12.21,3,42,1526,79150,1322032,4484438375 ,53386172 ,1469345 ,16,17,22,31,34,37,33,16,1,5,9,3,3,
576,2013.12.14,3,54,1561,76903,1242512,4321966000 ,40018204 ,1384359 ,10,11,15,25,35,41,13,10,1,4,10,10,6,
575,2013.12.07,8,45,1488,75000,1257969,1699267875 ,50348678 ,1522642 ,2,8,20,30,33,34,6,2,6,12,10,3,1,
574,2013.11.30,2,33,1259,68910,1184428,6965184938 ,70355404 ,1844106 ,14,15,16,19,25,43,2,14,1,1,3,6,18,
573,2013.11.23,8,50,1622,78997,1308493,1645691766 ,43885114 ,1352809 ,2,4,20,34,35,43,14,2,2,16,14,1,8,
572,2013.11.16,8,53,1734,81361,1274889,1668216188 ,41967703 ,1282750 ,3,13,18,33,37,45,1,3,10,5,15,4,8,
571,2013.11.09,7,33,1506,74042,1238061,1966538465 ,69524088 ,1523437 ,11,18,21,26,38,43,29,11,7,3,5,12,5,
570,2013.11.02,9,38,1573,77565,1323078,1527791625 ,60307565 ,1456890 ,1,12,26,27,29,33,42,1,11,14,1,2,4,
569,2013.10.26,4,36,1706,81582,1329250,3467925188 ,64220837 ,1355188 ,3,6,13,23,24,35,1,3,3,7,10,1,11,
568,2013.10.19,10,50,1845,87784,1409876,1305167550 ,43505585 ,1179014 ,1,3,17,20,31,44,40,1,2,14,3,11,13,
567,2013.10.12,6,53,1547,76284,1271252,2318659438 ,43748292 ,1498811 ,1,10,15,16,32,41,28,1,9,5,1,16,9,
566,2013.10.05,4,35,1555,74789,1275890,3508951032 ,66837163 ,1504374 ,4,5,6,25,26,43,41,4,1,1,19,1,17,
565,2013.09.28,8,39,1866,85438,1384878,1742064469 ,59557760 ,1244777 ,4,10,18,27,40,45,38,4,6,8,9,13,5,
564,2013.09.21,7,32,1649,83100,1358618,1934801143 ,70539625 ,1368871 ,14,19,25,26,27,34,2,14,5,6,1,1,7,
563,2013.09.14,7,38,1642,79945,1324790,1932735643 ,59338375 ,1373239 ,5,10,16,17,31,32,21,5,5,6,1,14,1,
562,2013.09.07,11,51,1789,85094,1355577,1166694614 ,41940003 ,1195607 ,4,11,13,17,20,31,33,4,7,2,4,3,11,
561,2013.08.31,5,41,1434,73966,1252562,2753712225 ,55969761 ,1600252 ,5,7,18,37,42,45,20,5,2,11,19,5,3,
560,2013.08.24,7,40,1476,73123,1235465,1976697215 ,57653669 ,1562431 ,1,4,20,23,29,45,28,1,3,16,3,6,16,
559,2013.08.17,7,42,1566,73823,1239640,1926145608 ,53504045 ,1434975 ,11,12,25,32,44,45,23,11,1,13,7,12,1,
558,2013.08.10,10,51,1408,77834,1206457,1315913663 ,43003715 ,1557663 ,12,15,19,26,40,43,29,12,3,4,7,14,3,
557,2013.08.03,7,43,1503,74569,1238570,1888069286 ,51226687 ,1465568 ,4,20,26,28,35,40,31,4,16,6,2,7,5,
556,2013.07.27,7,41,1411,73689,1257532,2005209161 ,57058798 ,1657981 ,12,20,23,28,30,44,43,12,8,3,5,2,14,
555,2013.07.20,8,46,1554,78046,1296730,1711027360 ,49594996 ,1468063 ,11,17,21,24,26,36,12,11,6,4,3,2,10,
554,2013.07.13,2,41,1484,74436,1234010,6813893625 ,55397510 ,1530525 ,13,14,17,32,41,42,6,13,1,3,15,9,1,
553,2013.07.06,6,52,1647,77687,1272468,2249631438 ,43262144 ,1365897 ,2,7,17,28,29,39,37,2,5,10,11,1,10,
552,2013.06.29,10,45,1808,86409,1347284,1330824225 ,49289787 ,1226793 ,1,10,20,32,35,40,43,1,9,10,12,3,5,
551,2013.06.22,1,32,1440,77811,1313634,13526973750 ,70452989 ,1565622 ,3,6,20,24,27,44,25,3,3,14,4,3,17,
550,2013.06.15,11,58,2728,103421,1328508,1118679205 ,35360550 ,751801 ,1,7,14,20,34,37,41,1,6,7,6,14,3,
549,2013.06.08,8,35,1487,71700,1213077,1760805047 ,67078288 ,1578844 ,29,31,35,38,40,44,17,29,2,4,3,2,4,
548,2013.06.01,8,46,1646,78057,1291286,1736871891 ,50344113 ,1406944 ,1,12,13,21,32,45,14,1,11,1,8,11,13,
547,2013.05.25,5,54,1548,75527,1256984,2838444450 ,43803156 ,1528018 ,6,7,15,22,34,39,28,6,1,8,7,12,5,
546,2013.05.18,30,55,3110,104469,1379107,405939950 ,36903632 ,652637 ,8,17,20,27,37,43,6,8,9,3,7,10,6,
545,2013.05.11,11,42,1497,77301,1306657,1198994353 ,52337056 ,1468375 ,4,24,25,27,34,35,2,4,20,1,2,7,1,
544,2013.05.04,13,47,1527,74263,1235509,1046388433 ,48237765 ,1484725 ,5,17,21,25,36,44,10,5,12,4,4,11,8,
543,2013.04.27,12,47,1968,81520,1280433,1112934844 ,47358930 ,1131032 ,13,18,26,31,34,44,12,13,5,8,5,3,10,
542,2013.04.20,6,26,1456,72242,1236252,2335152563 ,89813561 ,1603814 ,5,6,19,26,41,45,34,5,1,13,7,15,4,
541,2013.04.13,11,40,1444,73911,1246235,1269327171 ,58177496 ,1611565 ,8,13,26,28,32,34,43,8,5,13,2,4,2,
540,2013.04.06,7,26,1409,72629,1234194,1989365250 ,89266390 ,1647216 ,3,12,13,15,34,36,14,3,9,1,2,19,2,
539,2013.03.30,9,42,1519,75592,1270479,1621036667 ,57894167 ,1600761 ,3,19,22,31,42,43,26,3,16,3,9,11,1,
538,2013.03.23,3,48,1724,82529,1347630,4688021625 ,48833559 ,1359636 ,6,10,18,31,32,34,11,6,4,8,13,1,2,
537,2013.03.16,7,35,1444,75265,1265143,2104038911 ,70134631 ,1699940 ,12,23,26,30,36,43,11,12,11,3,4,6,7,
536,2013.03.09,11,40,1676,80139,1336621,1308523603 ,59973999 ,1431361 ,7,8,18,32,37,43,12,7,1,10,14,5,6,
535,2013.03.02,3,31,1512,76742,1336486,4935603000 ,79606500 ,1632144 ,11,12,14,15,18,39,34,11,1,2,1,3,21,
534,2013.02.23,1,55,1537,79943,1332446,14215763250 ,43078071 ,1541506 ,10,24,26,29,37,38,32,10,14,2,3,8,1,
533,2013.02.16,8,44,1517,78509,1333013,1785671579 ,54111260 ,1569477 ,9,14,15,17,31,33,23,9,5,1,2,14,2,
532,2013.02.09,7,26,1480,74186,1288672,2216896286 ,99476116 ,1747554 ,16,17,23,24,29,44,3,16,1,6,1,5,15,
531,2013.02.02,9,42,1618,78757,1317489,1521519750 ,54339992 ,1410557 ,1,5,9,21,27,35,45,1,4,4,12,6,8,
530,2013.01.26,11,40,1449,75595,1255300,1231656239 ,56450911 ,1558342 ,16,23,27,29,33,41,22,16,7,4,2,4,8,
529,2013.01.19,8,33,1502,75069,1282443,1749114797 ,70671305 ,1552699 ,18,20,24,27,31,42,39,18,2,4,3,4,11,
528,2013.01.12,11,86,1811,87443,1366616,1197889125 ,25536397 ,1212662 ,5,17,25,31,39,40,10,5,12,8,6,8,1,
527,2013.01.05,13,29,1967,83212,1287504,1032386366 ,77132315 ,1137183 ,1,12,22,32,33,42,38,1,11,10,10,1,9,
526,2012.12.29,9,49,1539,78325,1291054,1491031959 ,45643836 ,1453248 ,7,14,17,20,35,39,31,7,7,3,3,15,4,
525,2012.12.22,9,41,1543,73791,1215973,1501132375 ,54919478 ,1459300 ,11,23,26,29,39,44,22,11,12,3,3,10,5,
524,2012.12.15,4,36,1338,67866,1163075,3491695594 ,64661030 ,1739759 ,10,11,29,38,41,45,21,10,1,18,9,3,4,
523,2012.12.08,7,43,1557,79706,1247454,1780355840 ,48304229 ,1334029 ,1,4,37,38,40,45,7,1,3,33,1,2,5,
522,2012.12.01,6,39,1495,76078,1293961,2281623000 ,58503154 ,1526170 ,4,5,13,14,37,41,11,4,1,8,1,23,4,
521,2012.11.24,8,53,1612,75589,1250016,1693420922 ,42601785 ,1400679 ,3,7,18,29,32,36,19,3,4,11,11,3,4,
520,2012.11.17,6,37,1627,77196,1260891,2167205438 ,58573120 ,1332026 ,4,22,27,28,38,40,1,4,18,5,1,10,2,
519,2012.11.10,7,32,1357,71405,1206248,1950601393 ,71115676 ,1677010 ,6,8,13,16,30,43,3,6,2,5,3,14,13,
518,2012.11.03,6,34,1349,71110,1198970,2263804125 ,66582475 ,1678135 ,14,23,30,32,34,38,6,14,9,7,2,2,4,
517,2012.10.27,5,40,1493,70854,1192872,2659057725 ,55397036 ,1484181 ,1,9,12,28,36,41,10,1,8,3,16,8,5,
516,2012.10.20,11,32,1338,67233,1169955,1294190182 ,74146313 ,1773305 ,2,8,23,41,43,44,30,2,6,15,18,2,1,
515,2012.10.13,1,35,1450,74773,1258039,13200466875 ,62859367 ,1517296 ,2,11,12,15,23,37,8,2,9,1,3,8,14,
514,2012.10.06,3,36,1362,70323,1181166,4451055500 ,61820216 ,1634015 ,1,15,20,26,35,42,9,1,14,5,6,9,7,
513,2012.09.29,3,54,1626,82270,1337355,4589624750 ,42496526 ,1411324 ,5,8,21,23,27,33,12,5,3,13,2,4,6,
512,2012.09.22,13,52,1682,82439,1318396,940094452 ,39170603 ,1210982 ,4,5,9,13,26,27,1,4,1,4,4,13,1,
511,2012.09.15,6,37,1524,72310,1209004,2165579250 ,58529169 ,1420984 ,3,7,14,23,26,42,24,3,4,7,9,3,16,
510,2012.09.08,5,25,1319,69724,1173715,2644158150 ,88138605 ,1670558 ,12,29,32,33,39,40,42,12,17,3,1,6,1,
509,2012.09.01,5,34,1228,64934,1104261,2689076100 ,65908728 ,1824835 ,12,25,29,35,42,43,24,12,13,4,6,7,1,
508,2012.08.25,8,31,1596,75460,1234049,1599557860 ,68798188 ,1336306 ,5,27,31,34,35,43,37,5,22,4,3,1,8,
507,2012.08.18,9,29,1473,73411,1230314,1416438875 ,73264080 ,1442403 ,12,13,32,33,40,41,4,12,1,19,1,7,1,
506,2012.08.11,3,33,1588,75289,1224774,4073333875 ,61717180 ,1282536 ,6,9,11,22,24,30,31,6,3,2,11,2,6,
505,2012.08.04,6,38,1440,69758,1144014,1917955188 ,50472505 ,1331914 ,7,20,22,25,38,40,44,7,13,2,3,13,2,
504,2012.07.28,9,29,1294,63257,1082365,1443236959 ,74650188 ,1672995 ,6,14,22,26,43,44,31,6,8,8,4,17,1,
503,2012.07.21,7,42,1292,69822,1198882,1853634911 ,51489859 ,1673819 ,1,5,27,30,34,36,40,1,4,22,3,4,2,
502,2012.07.14,6,31,1482,70160,1176131,2201458125 ,71014779 ,1485465 ,6,22,28,32,34,40,26,6,16,6,4,2,6,
501,2012.07.07,4,61,1639,77235,1272541,3025200094 ,33062297 ,1230507 ,1,4,10,17,31,42,2,1,3,6,7,14,11,
500,2012.06.30,9,68,1831,84979,1308863,1351072375 ,29803068 ,1106832 ,3,4,12,20,24,34,41,3,1,8,8,4,10,
499,2012.06.23,3,46,1514,76797,1252409,4070480250 ,44244351 ,1344281 ,5,20,23,27,35,40,43,5,15,3,4,8,5,
498,2012.06.16,4,35,1334,68471,1139612,3244503094 ,61800059 ,1621441 ,13,14,24,32,39,41,3,13,1,10,8,7,2,
497,2012.06.09,6,30,1148,61101,1073640,2222817813 ,74093928 ,1936253 ,19,20,23,24,43,44,13,19,1,3,1,19,1,
496,2012.06.02,4,46,1389,66873,1117856,3285932250 ,47622207 ,1577122 ,4,13,20,29,36,41,39,4,9,7,9,7,5,
495,2012.05.26,6,44,1568,75762,1228344,2111645000 ,47991932 ,1346713 ,4,13,22,27,34,44,6,4,9,9,5,7,10,
494,2012.05.19,12,40,1539,74174,1215736,1054588407 ,52729421 ,1370486 ,5,7,8,15,30,43,22,5,2,1,7,15,13,
493,2012.05.12,9,27,1342,68608,1154415,1451120334 ,80617797 ,1621968 ,20,22,26,33,36,37,25,20,2,4,7,3,1,
492,2012.05.05,5,40,1434,69327,1152057,2493013800 ,51937788 ,1448753 ,22,27,31,35,37,40,42,22,5,4,4,2,3,
491,2012.04.28,4,31,1360,68290,1133544,3304634438 ,71067408 ,1619919 ,8,17,35,36,39,42,4,8,9,18,1,3,3,
490,2012.04.21,7,29,1357,65961,1126965,1860234161 ,74837007 ,1599318 ,2,7,26,29,40,43,42,2,5,19,3,11,3,
489,2012.04.14,6,52,1538,75822,1227452,2106360625 ,40506936 ,1369546 ,2,4,8,15,20,27,11,2,2,4,7,5,7,
488,2012.04.07,10,33,1345,69224,1181353,1330393575 ,67191595 ,1648567 ,2,8,17,30,31,38,25,2,6,9,13,1,7,
487,2012.03.31,8,46,1587,76639,1265088,1638830766 ,47502342 ,1376880 ,4,8,25,27,37,41,21,4,4,17,2,10,4,
486,2012.03.24,13,29,1501,72658,1230904,1008634125 ,75357722 ,1455946 ,1,2,23,25,38,40,43,1,1,21,2,13,2,
485,2012.03.17,9,33,1406,72785,1237898,1501474917 ,68248860 ,1601859 ,17,22,26,27,36,39,20,17,5,4,1,9,3,
484,2012.03.10,6,32,1343,70285,1197263,2305303063 ,72040721 ,1716533 ,1,3,27,28,32,45,11,1,2,24,1,4,13,
483,2012.03.03,5,53,1886,83480,1300537,2567196675 ,40364728 ,1134322 ,12,15,19,22,28,34,5,12,3,4,3,6,6,
482,2012.02.25,7,30,1639,78522,1292139,1897921179 ,73808046 ,1350971 ,1,10,16,24,25,35,43,1,9,6,8,1,10,
481,2012.02.18,3,34,1294,66695,1185827,4639355750 ,68225820 ,1792642 ,3,4,23,29,40,41,20,3,1,19,6,11,1,
480,2012.02.11,4,50,1983,96288,1382163,2996742282 ,39956564 ,1007478 ,3,5,10,17,30,31,16,3,2,5,7,13,1,
479,2012.02.04,6,34,1389,71489,1197119,2233046500 ,65677839 ,1607665 ,8,23,25,27,35,44,24,8,15,2,2,8,9,
478,2012.01.28,14,35,1285,67069,1141261,987224759 ,65814984 ,1792627 ,18,29,30,37,39,43,8,18,11,1,7,2,4,
477,2012.01.21,8,33,1474,73001,1256239,1919011829 ,77535832 ,1735877 ,14,25,29,32,33,45,37,14,11,4,3,1,12,
476,2012.01.14,4,34,1294,68643,1203577,3439851469 ,67448069 ,1772206 ,9,12,13,15,37,38,27,9,3,1,2,22,1,
475,2012.01.07,8,33,1486,75257,1238055,1693923047 ,68441336 ,1519896 ,1,9,14,16,21,29,3,1,8,5,2,5,8,
474,2011.12.31,15,48,1738,81500,1336085,936690800 ,48785980 ,1347369 ,4,13,18,31,33,45,43,4,9,5,13,2,12,
473,2011.12.24,4,36,1313,67064,1148971,3250418063 ,60192928 ,1650378 ,8,13,20,22,23,36,34,8,5,7,2,1,13,
472,2011.12.17,7,23,1352,68212,1132776,1809656090 ,91794150 ,1561587 ,16,25,26,31,36,43,44,16,9,1,5,5,7,
471,2011.12.10,7,30,1219,63297,1096176,1939332858 ,75418500 ,1856075 ,6,13,29,37,39,41,43,6,7,16,8,2,2,
470,2011.12.03,3,27,1390,71706,1207572,4333330625 ,80246864 ,1558753 ,10,16,20,39,41,42,27,10,6,4,19,2,1,
469,2011.11.26,4,33,1277,65880,1125554,3330131250 ,67275379 ,1738519 ,4,21,22,34,37,38,33,4,17,1,12,3,1,
468,2011.11.19,9,33,1457,70701,1187572,1527197167 ,69418054 ,1572269 ,8,13,15,28,37,43,17,8,5,2,13,9,6,
467,2011.11.12,9,33,1811,88314,1410192,1435441084 ,65247322 ,1188936 ,2,12,14,17,24,40,39,2,10,2,3,7,16,
466,2011.11.05,9,55,1746,83132,1327403,1530313459 ,41735822 ,1314703 ,4,10,13,23,32,44,20,4,6,3,10,9,12,
465,2011.10.29,7,46,1733,83244,1356052,1923662893 ,48788552 ,1295023 ,1,8,11,13,22,38,31,1,7,3,2,9,16,
464,2011.10.22,13,78,3145,159899,2682564,3355721106 ,67273025 ,1668457 ,6,12,15,34,42,44,4,6,6,3,19,8,2,
463,2011.10.15,0,37,1254,62251,1060512,0 ,54687384 ,1613584 ,23,29,31,33,34,44,40,23,6,2,2,1,10,
462,2011.10.08,8,39,1394,67106,1096569,1483559297 ,50719976 ,1418996 ,3,20,24,32,37,45,4,3,17,4,8,5,8,
461,2011.10.01,6,32,1717,75605,1188529,1948674875 ,60896090 ,1134931 ,11,18,26,31,37,40,43,11,7,8,5,6,3,
460,2011.09.24,4,30,1307,66799,1130818,3180895782 ,70686573 ,1622493 ,8,11,28,30,43,45,41,8,3,17,2,13,2,
459,2011.09.17,7,46,1532,73084,1167264,1655842233 ,41995999 ,1260977 ,4,6,10,14,25,40,12,4,2,4,4,11,15,
458,2011.09.10,8,52,1433,72902,1216672,1608812625 ,41251606 ,1496918 ,4,9,10,32,36,40,18,4,5,1,22,4,4,
457,2011.09.03,10,47,1506,72524,1149591,1159902825 ,41131306 ,1283647 ,8,10,18,23,27,40,33,8,2,8,5,4,13,
456,2011.08.27,7,39,1616,75858,1199612,1598505054 ,47818528 ,1154037 ,1,7,12,18,23,27,44,1,6,5,6,5,4,
455,2011.08.20,7,32,1448,69056,1133097,1635711483 ,59635315 ,1317908 ,4,19,20,26,30,35,24,4,15,1,6,4,5,
454,2011.08.13,7,43,1397,74480,1090420,1609125590 ,43658447 ,1343818 ,13,25,27,34,38,41,10,13,12,2,7,4,3,
453,2011.08.06,5,36,1412,69250,1096036,2262732375 ,52378065 ,1335419 ,12,24,33,38,40,42,30,12,12,9,5,2,2,
452,2011.07.30,9,48,1298,66864,1112471,1276902000 ,39903188 ,1475619 ,8,10,18,30,32,34,27,8,2,8,12,2,2,
451,2011.07.23,13,31,1612,74696,1181075,882138952 ,61654873 ,1185671 ,12,15,20,24,30,38,29,12,3,5,4,6,8,
450,2011.07.16,6,34,1349,67461,1113967,1990391625 ,58540931 ,1475458 ,6,14,19,21,23,31,13,6,8,5,2,2,8,
449,2011.07.09,3,39,1295,65963,1114025,4059715250 ,52047632 ,1567458 ,3,10,20,26,35,43,36,3,7,10,6,9,8,
448,2011.07.02,3,35,1422,72122,1191936,4026212750 ,57517325 ,1415687 ,3,7,13,27,40,41,36,3,4,6,14,13,1,
447,2011.06.25,4,31,1721,84363,1276737,2657941125 ,57160025 ,1029612 ,2,7,8,9,17,33,34,2,5,1,1,8,16,
446,2011.06.18,3,41,1375,68198,1136546,4051247625 ,49405459 ,1473181 ,1,11,12,14,26,35,6,1,10,1,2,12,9,
445,2011.06.11,7,28,1183,61433,1046503,1791683036 ,74653460 ,1766946 ,13,20,21,30,39,45,32,13,7,1,9,9,6,
444,2011.06.04,3,26,1270,65611,1087892,4154188625 ,79888243 ,1635508 ,11,13,23,35,43,45,17,11,2,10,12,8,2,
443,2011.05.28,9,41,1668,74414,1193233,1327597584 ,48570644 ,1193883 ,4,6,10,19,20,44,14,4,2,4,9,1,24,
442,2011.05.21,9,27,1271,63699,1092813,1413413042 ,78522947 ,1668073 ,25,27,29,36,38,40,41,25,2,2,7,2,2,
441,2011.05.14,4,42,1127,60027,1045164,3170417063 ,50324081 ,1875432 ,1,23,28,30,34,35,9,1,22,5,2,4,1,
440,2011.05.07,6,41,1495,68428,1103401,1995873000 ,48679830 ,1335033 ,10,22,28,34,36,44,2,10,12,6,6,2,8,
439,2011.04.30,6,33,1437,75335,1174597,1900077375 ,57578103 ,1322253 ,17,20,30,31,37,40,25,17,3,10,1,6,3,
438,2011.04.23,9,41,1303,65010,1081763,1377142167 ,50383250 ,1585352 ,6,12,20,26,29,38,45,6,6,8,6,3,9,
437,2011.04.16,6,33,1286,64531,1080539,2096245438 ,63522590 ,1630051 ,11,16,29,38,41,44,21,11,5,13,9,3,3,
436,2011.04.09,8,44,1425,70742,1153313,1512266579 ,45826260 ,1414987 ,9,14,20,22,33,34,28,9,5,6,2,11,1,
435,2011.04.02,10,31,1426,67838,1122280,1287550013 ,69223119 ,1504851 ,8,16,26,30,38,45,42,8,8,10,4,8,7,
434,2011.03.26,8,37,1867,78263,1217852,1480060266 ,53335506 ,1056998 ,3,13,20,24,33,37,35,3,10,7,4,9,4,
433,2011.03.19,11,41,1278,65906,1112537,1182294410 ,52866824 ,1696041 ,19,23,29,33,35,43,27,19,4,6,4,2,8,
432,2011.03.12,5,48,1747,83754,1331414,2299427550 ,39920618 ,1096846 ,2,3,5,11,27,39,33,2,1,2,6,16,12,
431,2011.03.05,10,43,1337,66865,1115054,1268434013 ,49164110 ,1581195 ,18,22,25,31,38,45,6,18,4,3,6,7,7,
430,2011.02.26,8,45,1449,70039,1180669,1611763219 ,47755948 ,1483104 ,1,3,16,18,30,34,44,1,2,13,2,12,4,
429,2011.02.19,9,37,1389,68256,1150652,1485904709 ,60239381 ,1604649 ,3,23,28,34,39,42,16,3,20,5,6,5,3,
428,2011.02.12,9,30,1568,76003,1258031,1437683209 ,71884161 ,1375335 ,12,16,19,22,37,40,8,12,4,3,3,15,3,
427,2011.02.05,1,33,1415,71400,1184720,12571445625 ,63492150 ,1480736 ,6,7,15,24,28,30,21,6,1,8,9,4,2,
426,2011.01.29,4,63,1463,71102,1174590,3057233625 ,32351679 ,1393135 ,4,17,18,27,39,43,19,4,13,1,9,12,4,
425,2011.01.22,8,41,1297,66071,1110949,1534833000 ,49913269 ,1577829 ,8,10,14,27,33,38,3,8,2,4,13,6,5,
424,2011.01.15,10,51,1686,75456,1159669,1109480813 ,36257543 ,1096759 ,10,11,26,31,34,44,30,10,1,15,5,3,10,
423,2011.01.08,3,47,1432,69948,1150428,3896153875 ,41448446 ,1360389 ,1,17,27,28,29,40,5,1,16,10,1,1,11,
422,2011.01.01,6,21,1293,64044,1104218,2205251375 ,105011971 ,1705531 ,8,15,19,21,34,44,12,8,7,4,2,13,10,
421,2010.12.25,5,36,1203,62947,1050873,2321144325 ,53730193 ,1607887 ,6,11,26,27,28,44,30,6,5,15,1,1,16,
420,2010.12.18,8,35,1187,62929,1065564,1424856375 ,54280243 ,1600513 ,4,9,10,29,31,34,27,4,5,1,19,2,3,
419,2010.12.11,3,33,1194,60100,1012637,3796490750 ,57522588 ,1589821 ,2,11,13,14,28,30,7,2,9,2,1,14,2,
418,2010.12.04,8,46,1316,61748,1025606,1435649766 ,41613037 ,1454560 ,11,13,15,26,28,34,31,11,2,2,11,2,6,
417,2010.11.27,4,34,1181,58879,1001817,2818329938 ,55261372 ,1590929 ,4,5,14,20,22,43,44,4,1,9,6,2,21,
416,2010.11.20,10,32,1501,70470,1122015,1072037100 ,55835266 ,1190359 ,5,6,8,11,22,26,44,5,1,2,3,11,4,
415,2010.11.13,8,35,1587,71409,1114259,1334182407 ,50825997 ,1120927 ,7,17,20,26,30,40,24,7,10,3,6,4,10,
414,2010.11.06,1,35,1220,58726,982817,11703832500 ,55732536 ,1598885 ,2,14,15,22,23,44,43,2,12,1,7,1,21,
413,2010.10.30,4,36,1256,62797,1062284,2814673500 ,52123584 ,1493989 ,2,9,15,23,34,40,3,2,7,6,8,11,6,
412,2010.10.23,7,34,1223,59882,1016225,1656199822 ,56830387 ,1579913 ,4,7,39,41,42,45,40,4,3,32,2,1,3,
411,2010.10.16,12,36,1318,63403,1041554,953227563 ,52957087 ,1446476 ,11,14,22,35,37,39,5,11,3,8,13,2,2,
410,2010.10.09,9,37,1303,65942,1088956,1249335709 ,50648745 ,1438223 ,1,3,18,32,40,41,16,1,2,15,14,8,1,
409,2010.10.02,4,36,1320,64123,1061106,2896989750 ,53647959 ,1463127 ,6,9,21,31,32,40,38,6,3,12,10,1,8,
408,2010.09.25,5,33,1244,62101,1039160,2235375825 ,56448885 ,1497439 ,9,20,21,22,30,37,16,9,11,1,1,8,7,
407,2010.09.18,7,27,1268,65481,1108695,1649707286 ,71283649 ,1517870 ,6,7,13,16,24,25,1,6,1,6,3,8,1,
406,2010.09.11,5,33,1442,66604,1065324,2156142450 ,54448042 ,1246038 ,7,12,21,24,27,36,45,7,5,9,3,3,9,
405,2010.09.04,3,35,1283,63080,1056188,3543878000 ,50626829 ,1381091 ,1,2,10,25,26,44,4,1,1,8,15,1,18,
404,2010.08.28,3,26,1273,63559,1050065,3566659375 ,68589604 ,1400888 ,5,20,21,24,33,40,36,5,15,1,3,9,7,
403,2010.08.21,5,43,1321,63122,1030051,2122396875 ,41131723 ,1338883 ,10,14,22,24,28,37,26,10,4,8,2,4,9,
402,2010.08.14,4,41,1271,62656,1034048,2662206188 ,43287906 ,1396385 ,5,9,15,19,22,36,32,5,4,6,4,3,14,
401,2010.08.07,9,29,1355,59599,949491,1168214792 ,60424904 ,1293227 ,6,12,18,31,38,43,9,6,6,6,13,7,5,
400,2010.07.31,4,30,1254,59141,978194,2669834325 ,59329652 ,1419370 ,9,21,27,34,41,43,2,9,12,6,7,7,2,
399,2010.07.24,8,40,1462,76998,1150232,1276854975 ,42561833 ,1164483 ,1,2,9,17,19,42,20,1,1,7,8,2,23,
398,2010.07.17,4,31,1112,57405,968563,2680625550 ,57647862 ,1607090 ,10,15,20,23,42,44,7,10,5,5,3,19,2,
397,2010.07.10,3,31,1366,66958,1089481,3499519700 ,56443867 ,1280937 ,12,13,17,22,25,33,8,12,1,4,5,3,8,
396,2010.07.03,2,34,1202,61586,1015292,5296622400 ,51927671 ,1468836 ,18,20,31,34,40,45,30,18,2,11,3,6,5,
395,2010.06.26,7,42,1420,64267,1038443,1534635000 ,42628750 ,1260851 ,11,15,20,26,31,35,7,11,4,5,6,5,4,
394,2010.06.19,1,33,1204,56300,967784,10654349100 ,53809844 ,1474855 ,1,13,20,22,25,28,15,1,12,7,2,3,3,
393,2010.06.12,8,35,1072,55951,966901,1362003975 ,51885866 ,1694035 ,9,16,28,40,41,43,21,9,7,12,12,1,2,
392,2010.06.05,6,30,1504,73927,1125811,1713528700 ,57117624 ,1139315 ,1,3,7,8,24,42,43,1,2,4,1,16,18,
391,2010.05.29,1,32,1337,60803,1013235,10508749800 ,54733072 ,1309992 ,10,11,18,22,28,39,30,10,1,7,4,6,11,
390,2010.05.22,1,37,1087,55834,960968,10373997900 ,46729721 ,1590617 ,16,17,28,37,39,40,15,16,1,11,9,2,1,
389,2010.05.15,5,36,1253,60800,1021691,2119027020 ,49051552 ,1409303 ,7,16,18,20,23,26,3,7,9,2,2,3,3,
388,2010.05.08,4,30,1269,61475,1036812,2545543875 ,56567642 ,1337297 ,1,8,9,17,29,32,45,1,7,1,8,12,3,
387,2010.05.01,4,26,1177,58115,978618,2675533500 ,68603424 ,1515454 ,1,26,31,34,40,43,20,1,25,5,3,6,3,
386,2010.04.24,10,59,1683,72203,1114222,1042953330 ,29461959 ,1032832 ,4,7,10,19,31,40,26,4,3,3,9,12,9,
385,2010.04.17,7,36,1235,62096,1026272,1542032700 ,49973282 ,1456712 ,7,12,19,21,29,32,9,7,5,7,2,8,3,
384,2010.04.10,3,41,1215,62090,1030160,3658734200 ,44618710 ,1505652 ,11,22,24,32,36,38,7,11,11,2,8,4,2,
383,2010.04.03,3,28,1251,60525,1010183,3596522100 ,64223609 ,1437459 ,4,15,28,33,37,40,25,4,11,13,5,4,3,
382,2010.03.27,6,32,1212,62267,1046779,1846674900 ,57708591 ,1523660 ,10,15,22,24,27,42,19,10,5,7,2,3,15,
381,2010.03.20,19,62,1981,82120,1211298,565738895 ,28895267 ,904345 ,1,5,10,12,16,20,11,1,4,5,2,4,4,
380,2010.03.13,4,42,1464,77583,1137404,2684274825 ,42607537 ,1222348 ,1,2,8,17,26,37,27,1,1,6,9,9,11,
379,2010.03.06,7,71,1342,62084,1022769,1598999786 ,26274645 ,1390090 ,6,10,22,31,35,40,19,6,4,12,9,4,5,
378,2010.02.27,5,30,1124,59742,1023866,2317698240 ,64380507 ,1718341 ,5,22,29,31,34,39,43,5,17,7,2,3,5,
377,2010.02.20,3,22,1198,58733,1009758,3912085400 ,88911032 ,1632757 ,6,22,29,37,43,45,23,6,16,7,8,6,2,
376,2010.02.13,6,51,1411,69450,1151878,1956915800 ,38370899 ,1386900 ,1,11,13,24,28,40,7,1,10,2,11,4,12,
375,2010.02.06,7,42,1279,64951,1096831,1581284058 ,43924558 ,1442402 ,4,8,19,25,27,45,7,4,4,11,6,2,18,
374,2010.01.30,2,27,1398,69786,1122320,5528717850 ,68255776 ,1318245 ,11,13,15,17,25,34,26,11,2,2,2,8,9,
373,2010.01.23,4,29,1117,57659,987105,2791801125 ,64179337 ,1666250 ,15,26,37,42,43,45,9,15,11,11,5,1,2,
372,2010.01.16,9,37,1368,62564,1038927,1192593200 ,48348373 ,1307668 ,8,11,14,16,18,21,13,8,3,3,2,2,3,
371,2010.01.09,7,29,1201,62102,1028012,1524130543 ,61315597 ,1480560 ,7,9,15,26,27,42,18,7,2,6,11,1,15,
370,2010.01.02,7,32,1168,60549,1058734,1678941943 ,61211425 ,1677026 ,16,18,24,42,44,45,17,16,2,6,18,2,1,
369,2009.12.26,6,31,1157,59383,987272,1842177750 ,59425089 ,1592203 ,17,20,35,36,41,43,21,17,3,15,1,5,2,
368,2009.12.19,7,38,1195,57581,954346,1465825115 ,45003403 ,1431071 ,11,21,24,30,39,45,26,11,10,3,6,9,6,
367,2009.12.12,7,37,1049,55158,955212,1581736586 ,49874578 ,1759161 ,3,22,25,29,32,44,19,3,19,3,4,3,12,
366,2009.12.05,2,39,1617,71467,1028514,5351553900 ,45739777 ,1103186 ,5,12,19,26,27,44,38,5,7,7,7,1,17,
365,2009.11.28,1,35,1181,62472,1014701,10697716800 ,50941509 ,1509698 ,5,15,21,25,26,30,31,5,10,6,4,1,4,
364,2009.11.21,4,37,1259,63195,1043314,2531914800 ,45620087 ,1340702 ,2,5,7,14,16,40,4,2,3,2,7,2,24,
363,2009.11.14,4,33,1216,59672,998514,2615910600 ,52846679 ,1434162 ,11,12,14,21,32,38,6,11,1,2,7,11,6,
362,2009.11.07,6,26,1173,56798,974787,1729424650 ,66516333 ,1474361 ,2,3,22,27,30,40,29,2,1,19,5,3,10,
361,2009.10.31,7,34,1463,67347,1068999,1473115115 ,50548068 ,1174733 ,5,10,16,24,27,35,33,5,5,6,8,3,8,
360,2009.10.24,3,33,1208,60311,1005187,3566716200 ,54041155 ,1476290 ,4,16,23,25,35,40,27,4,12,7,2,10,5,
359,2009.10.17,8,37,1656,73283,1097592,1286712600 ,46368022 ,1036001 ,1,10,19,20,24,40,23,1,9,9,1,4,16,
358,2009.10.10,3,44,1382,68247,1092528,3472654900 ,39461988 ,1256388 ,1,9,10,12,21,40,37,1,8,1,2,9,19,
357,2009.10.03,2,27,1116,56547,980978,5313394350 ,65597462 ,1587036 ,10,14,18,21,36,37,5,10,4,4,3,15,1,
356,2009.09.26,9,37,1263,61162,996940,1157185267 ,46912917 ,1374330 ,2,8,14,25,29,45,24,2,6,6,11,4,16,
355,2009.09.19,5,24,1094,54130,925997,2145424800 ,74493917 ,1634236 ,5,8,29,30,35,44,38,5,3,21,1,5,9,
354,2009.09.12,5,34,1014,54318,930195,2124464340 ,52070205 ,1745944 ,14,19,36,43,44,45,1,14,5,17,7,1,1,
353,2009.09.05,2,29,1042,54217,928067,5290838250 ,60814233 ,1692527 ,11,16,19,22,29,36,26,11,5,3,3,7,7,
352,2009.08.29,6,29,1166,58931,1006238,1732858250 ,59753733 ,1486157 ,5,16,17,20,26,41,24,5,11,1,3,6,15,
351,2009.08.22,4,29,1137,55472,950273,2583357150 ,59387521 ,1514722 ,5,25,27,29,34,36,33,5,20,2,2,5,2,
350,2009.08.15,9,23,1197,57420,964952,1101052467 ,71807770 ,1379765 ,1,8,18,24,29,33,35,1,7,10,6,5,4,
349,2009.08.08,3,37,1168,59338,990178,3353209000 ,45313636 ,1435450 ,5,13,14,20,24,25,36,5,8,1,6,4,1,
348,2009.08.01,3,37,1222,65694,978637,3299994000 ,44594514 ,1350244 ,3,14,17,20,24,31,34,3,11,3,3,4,7,
347,2009.07.25,7,38,1399,63761,1023184,1456624286 ,44720922 ,1214722 ,3,8,13,27,32,42,10,3,5,5,14,5,10,
346,2009.07.18,5,26,1146,54509,923360,2017727340 ,64670749 ,1467225 ,5,13,14,22,44,45,33,5,8,1,8,22,1,
345,2009.07.11,2,38,1028,50722,884042,5203577550 ,45645418 ,1687282 ,15,20,23,29,39,42,2,15,5,3,6,10,3,
344,2009.07.04,7,23,1106,56496,960640,1467106543 ,74418448 ,1547581 ,1,2,15,28,34,45,38,1,1,13,13,6,11,
343,2009.06.27,6,29,1096,53794,931340,1717153000 ,59212173 ,1566746 ,1,10,17,29,31,43,15,1,9,7,12,2,12,
342,2009.06.20,3,29,1177,56149,924123,3454095800 ,59553376 ,1467331 ,1,13,14,33,34,43,25,1,12,1,19,1,9,
341,2009.06.13,7,33,1235,58756,978760,1497207772 ,52931588 ,1414367 ,1,8,19,34,39,43,41,1,7,11,15,5,4,
340,2009.06.06,7,35,1125,56209,930628,1439393186 ,47979773 ,1492705 ,18,24,26,29,34,38,32,18,6,2,3,5,4,
339,2009.05.30,9,32,1107,54545,913229,1096778334 ,51411485 ,1486150 ,6,8,14,21,30,37,45,6,2,6,7,9,7,
338,2009.05.23,3,39,1123,54492,930171,3383431000 ,43377321 ,1506426 ,2,13,34,38,42,45,16,2,11,21,4,4,3,
337,2009.05.16,8,33,1194,59392,989912,1257500513 ,50808102 ,1404245 ,1,5,14,18,32,37,4,1,4,9,4,14,5,
336,2009.05.09,6,30,989,54887,935668,1685632650 ,56187755 ,1704381 ,3,5,20,34,35,44,16,3,2,15,14,1,9,
335,2009.05.02,5,28,1222,60578,1001927,2037492480 ,60639658 ,1389453 ,5,9,16,23,26,45,21,5,4,7,7,3,19,
334,2009.04.25,7,31,1055,52311,890292,1523002972 ,57317317 ,1684206 ,13,15,21,29,39,43,33,13,2,6,8,10,4,
333,2009.04.18,7,36,1365,59991,982937,1550987143 ,50263473 ,1325631 ,5,14,27,30,39,43,35,5,9,13,3,9,4,
332,2009.04.11,8,37,1098,59833,979060,1359448388 ,48989132 ,1650818 ,16,17,34,36,42,45,3,16,1,17,2,6,3,
331,2009.04.04,5,45,1365,64617,1054309,2165902620 ,40109308 ,1322285 ,4,9,14,26,31,44,39,4,5,5,12,5,13,
330,2009.03.28,9,32,1431,69225,1099109,1162280200 ,54481885 ,1218324 ,3,4,16,17,19,20,23,3,1,12,1,2,1,
329,2009.03.21,6,33,1215,62711,1059068,1830391200 ,55466400 ,1506495 ,9,17,19,30,35,42,4,9,8,2,11,5,7,
328,2009.03.14,6,30,1380,66590,1092107,1819795900 ,60659864 ,1318693 ,1,6,9,16,17,28,24,1,5,3,7,1,11,
327,2009.03.07,12,39,1242,63599,1048457,882674750 ,45265372 ,1421377 ,6,12,13,17,32,44,24,6,6,1,4,15,12,
326,2009.02.28,6,31,1335,64087,1058186,1832134550 ,59101115 ,1372386 ,16,23,25,33,36,39,40,16,7,2,8,3,3,
325,2009.02.21,6,33,1258,62629,1051453,1806122450 ,54730984 ,1435710 ,7,17,20,32,44,45,33,7,10,3,12,12,1,
324,2009.02.14,6,40,1228,62473,1068571,1865130350 ,46628259 ,1518836 ,2,4,21,25,33,36,17,2,2,17,4,8,3,
323,2009.02.07,8,27,1175,60796,1024880,1461025388 ,72149402 ,1657902 ,10,14,15,32,36,42,3,10,4,1,17,4,6,
322,2009.01.31,6,29,1465,67829,1085740,1904544700 ,65673956 ,1300031 ,9,18,29,32,38,43,20,9,9,11,3,6,5,
321,2009.01.24,6,35,1276,68791,1143526,1959136100 ,55975318 ,1535374 ,12,18,20,21,25,34,42,12,6,2,1,4,9,
320,2009.01.17,2,25,1081,57061,990610,5513067900 ,73507572 ,1699991 ,16,19,23,25,41,45,3,16,3,4,2,16,4,
319,2009.01.10,5,26,1151,59490,984086,2135659380 ,68450622 ,1546235 ,5,8,22,28,33,42,37,5,3,14,6,5,9,
318,2009.01.03,9,28,1381,64077,1044063,1207436600 ,64684104 ,1311481 ,2,17,19,20,34,45,21,2,15,2,1,14,11,
317,2008.12.27,4,25,1132,57565,978500,2576258550 ,68700228 ,1517232 ,3,10,11,22,36,39,8,3,7,1,11,14,3,
316,2008.12.20,6,29,1398,68356,1060204,1673586400 ,57709876 ,1197130 ,10,11,21,27,31,39,43,10,1,10,6,4,8,
315,2008.12.13,8,32,1063,56207,943975,1308728625 ,54530360 ,1641554 ,1,13,33,35,43,45,23,1,12,20,2,8,2,
314,2008.12.06,6,24,1067,54892,911785,1660512200 ,69188009 ,1556244 ,15,17,19,34,38,41,2,15,2,2,15,4,3,
313,2008.11.29,6,26,1120,55743,936364,1715422800 ,65977800 ,1531628 ,9,17,34,35,43,45,2,9,8,17,1,8,2,
312,2008.11.22,15,58,2064,91934,1080450,629017820 ,27112838 ,761892 ,2,3,5,6,12,20,25,2,1,2,1,6,8,
311,2008.11.15,8,43,1363,64780,1020412,1237691063 ,38378018 ,1210752 ,4,12,24,27,28,32,10,4,8,12,3,1,4,
310,2008.11.08,8,29,1086,53956,913906,1296713325 ,59619004 ,1592036 ,1,5,19,28,34,41,16,1,4,14,9,6,7,
309,2008.11.01,11,25,1390,69125,1109802,901622946 ,66119016 ,1189191 ,1,2,5,11,18,36,22,1,1,3,6,7,18,
308,2008.10.25,1,27,978,53749,922984,10232872800 ,63165882 ,1743844 ,14,15,17,19,37,45,40,14,1,2,2,18,8,
307,2008.10.18,4,28,1177,59400,937908,2587643250 ,61610554 ,1465672 ,5,15,21,23,25,45,12,5,10,6,2,2,20,
306,2008.10.11,5,23,1219,56687,937697,2102669520 ,76183679 ,1437428 ,4,18,23,30,34,41,19,4,14,5,7,4,7,
305,2008.10.04,5,34,1377,66162,1049049,2008210140 ,49220837 ,1215330 ,7,8,18,21,23,39,9,7,1,10,3,2,16,
304,2008.09.27,6,37,1426,62096,992573,1661646150 ,44909356 ,1165250 ,4,10,16,26,33,41,38,4,6,6,10,7,8,
303,2008.09.20,6,29,1158,56266,938678,1672749000 ,57681000 ,1444516 ,2,14,17,30,38,45,43,2,12,3,13,8,7,
302,2008.09.13,2,44,1134,59455,990149,5472167250 ,41455813 ,1608515 ,13,19,20,32,38,42,4,13,6,1,12,6,4,
301,2008.09.06,7,47,1271,65756,1060486,1447385015 ,35927997 ,1328573 ,7,11,13,33,37,43,26,7,4,2,20,4,6,
300,2008.08.30,12,34,1416,70193,1102135,836092425 ,49181908 ,1180922 ,7,9,10,12,26,38,39,7,2,1,2,14,12,
299,2008.08.23,7,29,1118,58114,984255,1483772529 ,59691999 ,1548362 ,1,3,20,25,36,45,24,1,2,17,5,11,9,
298,2008.08.16,1,40,1353,63561,1011908,9909778500 ,41290744 ,1220717 ,5,9,27,29,37,40,19,5,4,18,2,8,3,
297,2008.08.09,2,28,1275,61258,993035,5056668750 ,60198438 ,1322005 ,6,11,19,20,28,32,34,6,5,8,1,8,4,
296,2008.08.02,8,53,2066,89945,1435988,3066088275 ,46243415 ,1186303 ,3,8,15,27,30,45,44,3,5,7,12,3,15,
295,2008.07.26,0,26,1013,55376,950380,0 ,62969875 ,1616207 ,1,4,12,16,18,38,8,1,3,8,4,2,20,
294,2008.07.19,4,26,1137,56795,947708,2406504975 ,61705256 ,1411027 ,6,10,17,30,37,38,40,6,4,7,13,7,1,
293,2008.07.12,6,21,1154,61059,926442,1656764400 ,78893543 ,1435672 ,1,9,17,21,29,33,24,1,8,8,4,8,4,
292,2008.07.05,14,37,1688,66893,977718,720373950 ,45428988 ,995778 ,17,18,31,32,33,34,10,17,1,13,1,1,1,
291,2008.06.28,7,39,1227,62513,1029643,1450585200 ,43393575 ,1379258 ,3,7,8,18,20,42,45,3,4,1,10,2,22,
290,2008.06.21,13,61,2297,106752,1783529,2149214424 ,51251650 ,1361059 ,8,13,18,32,39,45,7,8,5,5,14,7,6,
289,2008.06.14,0,24,1019,52281,880103,0 ,63761694 ,1501748 ,3,14,33,37,38,42,10,3,11,19,4,1,4,
288,2008.06.07,4,24,1056,50246,853998,2357261550 ,65479488 ,1488171 ,1,12,17,28,35,41,10,1,11,5,11,7,6,
287,2008.05.31,7,37,1330,60597,962149,1328657100 ,41894594 ,1165489 ,6,12,24,27,35,37,41,6,6,12,3,8,2,
286,2008.05.24,3,27,1033,48857,857882,3236566300 ,59936413 ,1566586 ,1,15,19,40,42,44,17,1,14,4,21,2,2,
285,2008.05.17,3,26,1017,51283,872117,3164370100 ,60853272 ,1555738 ,13,33,37,40,41,45,2,13,20,4,3,1,4,
284,2008.05.10,3,14,955,50537,859700,3117640300 ,111344297 ,1632273 ,2,7,15,24,30,45,28,2,5,8,9,6,15,
283,2008.05.03,3,24,1061,52989,876107,3137224600 ,65358846 ,1478429 ,6,8,18,31,38,45,42,6,2,10,13,7,7,
282,2008.04.26,7,32,1523,66297,1020328,1322052643 ,48199836 ,1012735 ,2,5,10,18,31,32,30,2,3,5,8,13,1,
281,2008.04.19,6,37,1491,74543,970685,1554683200 ,42018465 ,1042712 ,1,3,4,6,14,41,12,1,2,1,2,8,27,
280,2008.04.12,7,27,1145,53915,905130,1355258529 ,58560554 ,1380904 ,10,11,23,24,36,37,35,10,1,12,1,12,1,
279,2008.04.05,5,27,1088,55421,922712,1914205320 ,59080412 ,1466150 ,7,16,31,36,37,38,11,7,9,15,5,1,1,
278,2008.03.29,3,27,1089,55643,922288,3186530000 ,59009815 ,1463054 ,3,11,37,39,41,43,13,3,8,26,2,2,2,
277,2008.03.22,3,31,1104,55271,914243,3272627800 ,52784320 ,1482169 ,10,12,13,15,25,29,20,10,2,1,2,10,4,
276,2008.03.15,3,31,1161,59894,944192,3312569000 ,53428533 ,1426602 ,4,15,21,33,39,41,25,4,11,6,12,6,2,
275,2008.03.08,1,19,991,51657,884959,10044066900 ,88105850 ,1689215 ,14,19,20,35,38,40,26,14,5,1,15,3,2,
274,2008.03.01,4,37,1254,57315,923057,2505085575 ,45136678 ,1331784 ,13,14,15,26,35,39,25,13,1,1,11,9,4,
273,2008.02.23,3,21,1096,56192,942078,3339543100 ,79512931 ,1523515 ,1,8,24,31,34,44,6,1,7,16,7,3,10,
272,2008.02.16,9,39,1370,63219,1017199,1104622800 ,42485493 ,1209442 ,7,9,12,27,39,43,28,7,2,3,15,12,4,
271,2008.02.09,6,28,1256,59418,956127,1565918150 ,55925649 ,1246751 ,3,8,9,27,29,40,36,3,5,1,18,2,11,
270,2008.02.02,5,32,1242,59807,971485,1927830060 ,50203908 ,1293499 ,5,9,12,20,21,26,27,5,4,3,8,1,5,
269,2008.01.26,5,22,1014,50514,866762,1961399940 ,74295453 ,1611933 ,5,18,20,36,42,43,32,5,13,2,16,6,1,
268,2008.01.19,7,35,1362,61857,969153,1350954515 ,45031818 ,1157206 ,3,10,19,24,32,45,12,3,7,9,5,8,13,
267,2008.01.12,3,28,1141,55101,925922,3257663300 ,58172559 ,1427548 ,7,8,24,34,36,41,1,7,1,16,10,2,5,
266,2008.01.05,3,36,1194,58820,986495,3207211700 ,44544607 ,1343054 ,3,4,9,11,22,42,37,3,1,5,2,11,20,
265,2007.12.29,8,19,1010,52966,889156,1200838575 ,84269374 ,1585266 ,5,9,34,37,38,39,12,5,4,25,3,1,1,
264,2007.12.22,7,27,1047,50096,840243,1344889200 ,58112497 ,1498604 ,9,16,27,36,41,44,5,9,7,11,9,5,3,
263,2007.12.15,6,27,937,50490,864303,1551704900 ,57470552 ,1656036 ,1,27,28,32,37,40,18,1,26,1,4,5,3,
262,2007.12.08,2,21,1106,54807,910729,4518741600 ,71726058 ,1361888 ,9,12,24,25,29,31,36,9,3,12,1,4,2,
261,2007.12.01,3,32,1104,56285,929205,3192299100 ,49879674 ,1445788 ,6,11,16,18,31,43,2,6,5,5,2,13,12,
260,2007.11.24,4,26,1284,58258,933907,2310085575 ,59232964 ,1199422 ,7,12,15,24,37,40,43,7,5,3,9,13,3,
259,2007.11.17,2,25,1030,50402,864868,4838533500 ,64513780 ,1565869 ,4,5,14,35,42,45,34,4,1,9,21,7,3,
258,2007.11.10,4,28,1724,54638,901197,2426434350 ,57772247 ,938297 ,14,27,30,31,38,40,17,14,13,3,1,7,2,
257,2007.11.03,4,18,1233,57977,954861,2391377025 ,88569520 ,1292986 ,6,13,27,31,32,37,4,6,7,14,4,1,5,
256,2007.10.27,2,34,1192,56975,938980,4891017000 ,47951148 ,1367735 ,4,11,14,21,23,43,32,4,7,3,7,2,20,
255,2007.10.20,6,13,1054,55422,945297,1598618550 ,122970658 ,1516716 ,1,5,6,24,27,42,32,1,4,1,18,3,15,
254,2007.10.13,1,33,1225,59196,978906,9741015900 ,49197050 ,1325309 ,1,5,19,20,24,30,27,1,4,14,1,4,6,
253,2007.10.06,4,20,1169,57084,942682,2466189525 ,82206318 ,1406439 ,8,19,25,31,34,36,33,8,11,6,6,3,2,
252,2007.09.29,7,24,1087,51895,874916,1391089715 ,67622417 ,1493044 ,14,23,26,31,39,45,28,14,9,3,5,8,6,
251,2007.09.22,8,40,1242,62015,1028991,1282616400 ,42753880 ,1376937 ,6,7,19,25,28,38,45,6,1,12,6,3,10,
250,2007.09.15,5,17,1051,51328,887737,1994726280 ,97780700 ,1581610 ,19,23,30,37,43,45,38,19,4,7,7,6,2,
249,2007.09.08,6,29,1169,56034,926776,1663568700 ,57364438 ,1423070 ,3,8,27,31,41,44,11,3,5,19,4,10,3,
248,2007.09.01,8,23,1155,58847,961562,1227479363 ,71158224 ,1417004 ,3,8,17,23,38,45,13,3,5,9,6,15,7,
247,2007.08.25,6,29,1019,52284,884542,1669313900 ,57562549 ,1638189 ,12,15,28,36,39,40,13,12,3,13,8,3,1,
246,2007.08.18,5,26,1294,59600,959025,1911774240 ,61274816 ,1231179 ,13,18,21,23,26,39,15,13,5,3,2,3,13,
245,2007.08.11,7,35,1092,57445,959435,1382583129 ,46086105 ,1477119 ,9,11,27,31,32,38,22,9,2,16,4,1,6,
244,2007.08.04,1,25,1096,54930,900577,9121583100 ,60810554 ,1387103 ,13,16,25,36,37,38,19,13,3,9,11,1,1,
243,2007.07.28,4,29,1089,54055,918683,2408850000 ,55375863 ,1474656 ,2,12,17,19,28,42,34,2,10,5,2,9,14,
242,2007.07.21,8,36,1245,60644,975863,1234542375 ,45723792 ,1322134 ,4,19,20,21,32,34,43,4,15,1,1,11,2,
241,2007.07.14,4,34,967,53783,922001,2552016300 ,50039536 ,1759405 ,2,16,24,27,28,35,21,2,14,8,3,1,7,
240,2007.07.07,2,28,1084,57376,961510,5098251450 ,60693470 ,1567728 ,6,10,16,40,41,43,21,6,4,6,24,1,2,
239,2007.06.30,9,29,1083,55850,927236,1134140167 ,58662423 ,1570832 ,11,15,24,39,41,44,7,11,4,9,15,2,3,
238,2007.06.23,9,29,1066,54591,930266,1121660567 ,58016926 ,1578322 ,2,4,15,28,31,34,35,2,2,11,13,3,3,
237,2007.06.16,7,39,1098,57338,974357,1440630729 ,43095792 ,1530725 ,1,11,17,21,24,44,33,1,10,6,4,3,20,
236,2007.06.09,2,41,1046,54480,940827,5030040150 ,40894636 ,1602945 ,1,4,8,13,37,39,7,1,3,4,5,24,2,
235,2007.06.02,3,29,1178,59548,901409,3433330100 ,59195347 ,1457271 ,21,22,26,27,31,37,8,21,1,4,1,4,6,
234,2007.05.26,4,23,1049,54926,921750,2519743875 ,73036055 ,1601363 ,13,21,22,24,26,37,4,13,8,1,2,2,11,
233,2007.05.19,10,26,1274,62535,1021168,999153750 ,64048318 ,1307109 ,4,6,13,17,28,40,39,4,2,7,4,11,12,
232,2007.05.12,9,18,1268,65000,1023708,1110918400 ,92576534 ,1314178 ,8,9,10,12,24,44,35,8,1,1,2,12,20,
231,2007.05.05,9,19,1267,59311,970465,1088365900 ,85923624 ,1288516 ,5,10,19,31,44,45,27,5,5,9,12,13,1,
230,2007.04.28,8,25,1037,56346,971324,1292929163 ,68956222 ,1662397 ,5,11,14,29,32,33,12,5,6,3,15,3,1,
229,2007.04.21,7,27,1312,67524,1089603,1451441100 ,62716591 ,1290662 ,4,5,9,11,23,38,35,4,1,4,2,12,15,
228,2007.04.14,9,39,1338,66002,1036309,1146700334 ,44103859 ,1285539 ,17,25,35,36,39,44,23,17,8,10,1,3,5,
227,2007.04.07,2,24,1103,56663,942116,5253542400 ,72965867 ,1587653 ,4,5,15,16,22,42,2,4,1,10,1,6,20,
226,2007.03.31,6,38,1305,64076,1026364,1744100150 ,45897373 ,1336476 ,2,6,8,14,21,22,34,2,4,2,6,7,1,
225,2007.03.24,6,41,1287,65281,1080798,1777201800 ,43346386 ,1380888 ,5,11,13,19,31,36,7,5,6,2,6,12,5,
224,2007.03.17,6,26,1158,60549,1025571,1808969950 ,69575768 ,1562151 ,4,19,26,27,30,42,7,4,15,7,1,3,12,
223,2007.03.10,7,39,1416,67509,1107956,1498170600 ,44817070 ,1234369 ,1,3,18,20,26,27,38,1,2,15,2,6,1,
222,2007.03.03,5,33,1105,57093,981530,2275193820 ,57454390 ,1715833 ,5,7,28,29,39,43,44,5,2,21,1,10,4,
221,2007.02.24,6,44,1608,75459,1167205,1800104250 ,40911461 ,1119468 ,2,20,33,35,37,40,10,2,18,13,2,2,3,
220,2007.02.17,6,28,1317,67271,1122150,1958094950 ,69931963 ,1486785 ,5,11,19,21,34,43,31,5,6,8,2,13,9,
219,2007.02.10,9,41,1292,63889,1065147,1208409167 ,44210092 ,1402952 ,4,11,20,26,35,37,16,4,7,9,6,9,2,
218,2007.02.03,4,26,1203,60492,996397,2779075800 ,71258354 ,1540081 ,1,8,14,18,29,44,20,1,7,6,4,11,15,
217,2007.01.27,7,29,1206,64156,1066490,1611246172 ,64820249 ,1558696 ,16,20,27,33,35,39,38,16,4,7,6,2,4,
216,2007.01.20,13,63,2612,79174,1157342,848506108 ,29181427 ,703840 ,7,16,17,33,36,40,1,7,9,1,16,3,4,
215,2007.01.13,7,32,1248,65898,1062967,1587689615 ,57884518 ,1484219 ,2,3,7,15,43,44,4,2,1,4,8,28,1,
214,2007.01.06,8,36,1433,70219,1167625,1406980875 ,52110403 ,1309124 ,5,7,20,25,28,37,32,5,2,13,5,3,9,
213,2006.12.30,8,33,1977,95451,1203368,1376678025 ,55623355 ,928463 ,2,3,4,5,20,24,42,2,1,1,1,15,4,
212,2006.12.23,4,36,1228,64059,1066249,2660747250 ,49273098 ,1444489 ,11,12,18,21,31,38,8,11,1,6,3,10,7,
211,2006.12.16,10,29,1308,64785,1080600,1035800250 ,59528750 ,1319828 ,12,13,17,20,33,41,8,12,1,4,3,13,8,
210,2006.12.09,2,46,1298,64325,1049739,5139085950 ,37239754 ,1319745 ,10,19,22,23,25,37,39,10,9,3,1,2,12,
209,2006.12.02,6,34,1358,65973,1053545,1660896350 ,48849893 ,1223046 ,2,7,18,20,24,33,37,2,5,11,2,4,9,
208,2006.11.25,6,34,1224,64277,1030103,1760767400 ,51787277 ,1438536 ,14,25,31,34,40,44,24,14,11,6,3,6,4,
207,2006.11.18,5,37,1203,60871,1020444,2104673760 ,47402563 ,1457935 ,3,11,14,31,32,37,38,3,8,3,17,1,5,
206,2006.11.11,5,36,1549,66445,1044599,2032859340 ,47056930 ,1093641 ,1,2,3,15,20,25,43,1,1,1,12,5,5,
205,2006.11.04,6,21,1098,56067,962608,1835221800 ,87391515 ,1671423 ,1,3,21,29,35,37,30,1,2,18,8,6,2,
204,2006.10.28,8,23,1180,57646,985516,1358347125 ,78744761 ,1534856 ,3,12,14,35,40,45,5,3,9,2,21,5,5,
203,2006.10.21,5,43,1328,66916,1095728,2164564740 ,41948930 ,1358287 ,1,3,11,24,30,32,7,1,2,8,13,6,2,
202,2006.10.14,6,40,1232,62532,1043620,1893391700 ,47334793 ,1536844 ,12,14,27,33,39,44,17,12,2,13,6,6,5,
201,2006.10.07,1,37,1347,61045,985655,9719465400 ,43781376 ,1202607 ,3,11,24,38,39,44,26,3,8,13,14,1,5,
200,2006.09.30,8,58,1387,66233,1078398,1344616613 ,30910727 ,1292590 ,5,6,13,14,17,20,7,5,1,7,1,3,3,
199,2006.09.23,2,23,1049,55426,939272,5344252200 ,77452931 ,1698206 ,14,21,22,25,30,36,43,14,7,1,3,5,6,
198,2006.09.16,6,25,1050,55693,965692,1797855050 ,71914202 ,1712243 ,12,19,20,25,41,45,2,12,7,1,5,16,4,
197,2006.09.09,6,42,1229,58551,993294,1803018300 ,42929008 ,1467062 ,7,12,16,34,42,45,4,7,5,4,18,8,3,
196,2006.09.02,15,27,1518,58079,937967,727876520 ,67395975 ,1198743 ,35,36,37,41,44,45,30,35,1,1,4,3,1,
195,2006.08.26,11,66,1691,70324,1067833,918992591 ,25527572 ,996346 ,7,10,19,22,35,40,31,7,3,9,3,13,5,
194,2006.08.19,4,21,1072,53559,917061,2650567875 ,84145012 ,1648364 ,15,20,23,26,39,44,28,15,5,3,3,13,5,
193,2006.08.12,3,20,1135,58638,974398,3404449700 ,85111243 ,1499758 ,6,14,18,26,36,39,13,6,8,4,8,10,3,
192,2006.08.05,4,38,1098,55766,943042,2445348375 ,42900849 ,1484729 ,4,8,11,18,37,45,33,4,4,3,7,19,8,
191,2006.07.29,4,23,1145,59650,1017334,2577114675 ,74698977 ,1500504 ,5,6,24,25,32,37,8,5,1,18,1,7,5,
190,2006.07.22,6,33,1016,53791,918127,1784159450 ,54065438 ,1756063 ,8,14,18,30,31,44,15,8,6,4,12,1,13,
189,2006.07.15,3,33,1085,52193,903280,3461775100 ,52451138 ,1595289 ,8,14,32,35,37,45,28,8,6,18,3,2,8,
188,2006.07.08,3,33,1320,61227,1016219,3501405200 ,53051594 ,1326290 ,19,24,27,30,31,34,36,19,5,3,3,1,3,
187,2006.07.01,7,19,1253,59780,981217,1544733900 ,94852082 ,1438300 ,1,2,8,18,29,38,42,1,1,6,10,11,9,
186,2006.06.24,9,46,1169,58566,984795,1187882600 ,38735303 ,1524230 ,4,10,14,19,21,45,9,4,6,4,5,2,24,
185,2006.06.17,3,34,1228,65938,1055823,3522485800 ,51801262 ,1434237 ,1,2,4,8,19,38,14,1,1,2,4,11,19,
184,2006.06.10,6,31,1331,63344,1054829,1747753050 ,56379131 ,1313113 ,1,2,6,16,20,33,41,1,1,4,10,4,13,
183,2006.06.03,6,25,1294,67137,1039403,1777221500 ,71088860 ,1373433 ,2,18,24,34,40,42,5,2,16,6,10,6,2,
182,2006.05.27,3,44,1228,59004,1000820,3721439400 ,42289085 ,1515245 ,13,15,27,29,34,40,35,13,2,12,2,5,6,
181,2006.05.20,6,24,1233,60637,1028918,1941763300 ,80906805 ,1574829 ,14,21,23,32,40,45,44,14,7,2,9,8,5,
180,2006.05.13,2,35,1284,62876,1047300,5763371550 ,54889253 ,1496203 ,2,15,20,21,29,34,22,2,13,5,1,8,5,
179,2006.05.06,10,53,1540,69956,1125523,1081093920 ,33996665 ,1170016 ,5,9,17,25,39,43,32,5,4,8,8,14,4,
178,2006.04.29,5,44,1566,74612,1200574,2254621080 ,42701157 ,1199778 ,1,5,11,12,18,23,9,1,4,6,1,6,5,
177,2006.04.22,7,30,1260,64437,1097033,1693285500 ,65849992 ,1567857 ,1,10,13,16,37,43,6,1,9,3,3,21,6,
176,2006.04.15,5,40,1535,76689,1191081,2314663080 ,48222148 ,1256604 ,4,17,30,32,33,34,15,4,13,13,2,1,1,
175,2006.04.08,5,48,1347,67585,1137627,2371132620 ,41165497 ,1466922 ,19,26,28,31,33,36,17,19,7,2,3,2,3,
174,2006.04.01,7,26,1325,64999,1101483,1771103058 ,79472574 ,1559462 ,13,14,18,22,35,39,16,13,1,4,4,13,4,
173,2006.03.25,8,63,1448,78349,1261354,1487736788 ,31486493 ,1369924 ,3,9,24,30,33,34,18,3,6,15,6,3,1,
172,2006.03.18,11,19,1276,65456,1111595,1081154073 ,104321885 ,1553383 ,4,19,21,24,26,41,35,4,15,2,3,2,15,
171,2006.03.11,6,19,1381,71461,1113068,1961339700 ,103228406 ,1420232 ,4,16,25,29,34,35,1,4,12,9,4,5,1,
170,2006.03.04,6,27,1309,67030,1125608,1923108250 ,71226232 ,1469144 ,2,11,13,15,31,42,10,2,9,2,2,16,11,
169,2006.02.25,5,31,1171,62705,1069471,2482888380 ,66744312 ,1766929 ,16,27,35,37,43,45,19,16,11,8,2,6,2,
168,2006.02.18,5,54,1544,74504,1233043,2349946920 ,36264613 ,1268322 ,3,10,31,40,42,43,30,3,7,21,9,2,1,
167,2006.02.11,5,36,1313,64208,1122401,2491222920 ,57667198 ,1581127 ,24,27,28,30,36,39,4,24,3,1,2,6,3,
166,2006.02.04,11,28,1507,70751,1140980,1111299982 ,72763690 ,1351947 ,9,12,27,36,39,45,14,9,3,15,9,3,6,
165,2006.01.28,2,40,1535,78820,1297194,6767426700 ,56395223 ,1469583 ,5,13,18,19,22,42,31,5,8,5,1,3,20,
164,2006.01.21,3,39,1626,74835,1250274,4054937900 ,51986384 ,1246906 ,6,9,10,11,39,41,27,6,3,1,1,28,2,
163,2006.01.14,7,47,1390,66604,1099200,1629726515 ,40454205 ,1367876 ,7,11,26,28,29,44,16,7,4,15,2,1,15,
162,2006.01.07,5,33,1172,61205,1057899,2308265760 ,58289540 ,1641259 ,1,5,21,25,38,41,24,1,4,16,4,13,3,
161,2005.12.31,7,63,1381,66233,1116934,1996876272 ,33275487 ,1517999 ,22,34,36,40,42,45,44,22,12,2,4,2,3,
160,2005.12.24,2,32,1079,58680,1022787,5490805350 ,57195890 ,1696264 ,3,7,8,34,39,41,1,3,4,1,26,5,2,
159,2005.12.17,6,24,1071,54933,920378,1755407300 ,73141971 ,1639036 ,1,18,30,41,42,43,32,1,17,12,11,1,1,
158,2005.12.10,10,45,1516,67910,1071741,1069544340 ,39612754 ,1175841 ,4,9,13,18,21,34,7,4,5,4,5,3,13,
157,2005.12.03,2,28,1155,61650,1028734,5484903750 ,65296474 ,1582945 ,19,26,30,33,35,39,37,19,7,4,3,2,4,
156,2005.11.26,8,30,1230,59506,998192,1401099900 ,62271107 ,1518808 ,5,18,28,30,42,45,2,5,13,10,2,12,3,
155,2005.11.19,9,37,1287,62882,1035003,1193005734 ,48365098 ,1390450 ,16,19,20,32,33,41,4,16,3,1,12,1,8,
154,2005.11.12,4,32,1189,60181,1020067,2836628700 ,59096432 ,1590485 ,6,19,21,35,40,45,20,6,13,2,14,5,5,
153,2005.11.05,4,52,1446,71562,1137072,2730526125 ,35006746 ,1258888 ,3,8,11,12,13,36,33,3,5,3,1,1,23,
152,2005.10.29,5,30,1184,60282,1021147,2278131840 ,63281440 ,1603415 ,1,5,13,26,29,34,43,1,4,8,13,3,5,
151,2005.10.22,4,45,1491,68250,1113528,2716634025 ,40246430 ,1214681 ,1,2,10,13,18,19,15,1,1,8,3,5,1,
150,2005.10.15,4,46,1279,65200,1100850,2831645850 ,41038346 ,1475969 ,2,18,25,28,37,39,16,2,16,7,3,9,2,
149,2005.10.08,7,43,1171,60450,1016240,1639052143 ,44470407 ,1632987 ,2,11,21,34,41,42,27,2,9,10,13,7,1,
148,2005.10.01,5,35,1185,63358,1079664,2323596420 ,55323725 ,1634035 ,21,25,33,34,35,36,17,21,4,8,1,1,1,
147,2005.09.24,7,35,1215,62412,1067800,1700040215 ,56668008 ,1632412 ,4,6,13,21,40,42,36,4,2,7,8,19,2,
146,2005.09.17,2,34,1383,62524,1038812,6043415250 ,59249170 ,1456596 ,2,19,27,35,41,42,25,2,17,8,8,6,1,
145,2005.09.10,3,38,1217,63120,1093545,3797838200 ,49971556 ,1560328 ,2,3,13,20,27,44,9,2,1,10,7,7,17,
144,2005.09.03,8,38,1498,74181,1180411,1402440413 ,49208436 ,1248279 ,4,15,17,26,36,37,43,4,11,2,9,10,1,
143,2005.08.27,3,35,1182,57130,986951,3954584700 ,56494068 ,1672837 ,26,27,28,42,43,45,8,26,1,1,14,1,2,
142,2005.08.20,11,28,1326,64602,1067644,1018265564 ,66672150 ,1407859 ,12,16,30,34,40,44,19,12,4,14,4,6,4,
141,2005.08.13,6,29,1144,58203,1000591,1900552400 ,65536290 ,1661323 ,8,12,29,31,42,43,2,8,4,17,2,11,1,
140,2005.08.06,5,34,1310,64372,1082575,2109462840 ,51702521 ,1341898 ,3,13,17,18,19,28,8,3,10,4,1,1,9,
139,2005.07.30,7,28,1128,57271,986618,1650210215 ,68758759 ,1706778 ,9,11,15,20,28,43,13,9,2,4,5,8,15,
138,2005.07.23,5,32,1251,61230,1056925,2227152000 ,57998750 ,1483582 ,10,11,27,28,37,39,19,10,1,16,1,9,2,
137,2005.07.16,9,40,1578,72935,1186655,1270403467 ,47640130 ,1207608 ,7,9,20,25,36,39,15,7,2,11,5,11,3,
136,2005.07.09,6,26,1279,66993,1119075,1997694150 ,76834391 ,1561919 ,2,16,30,36,41,42,11,2,14,14,6,5,1,
135,2005.07.02,7,28,1424,66201,1099249,1717293515 ,71553897 ,1406959 ,6,14,22,28,35,39,16,6,8,8,6,7,4,
134,2005.06.25,5,50,1433,69698,1129299,2349155100 ,39152585 ,1366106 ,3,12,20,23,31,35,43,3,9,8,3,8,4,
133,2005.06.18,8,51,1466,76266,1221679,1450242600 ,37914840 ,1319002 ,4,7,15,18,23,26,13,4,3,8,3,5,3,
132,2005.06.11,4,34,1382,65277,1098225,2920473525 ,57264187 ,1408816 ,3,17,23,34,41,45,43,3,14,6,11,7,4,
131,2005.06.04,8,33,1645,73893,1153272,1451214488 ,58634929 ,1176264 ,8,10,11,14,15,21,37,8,2,1,3,1,6,
130,2005.05.28,4,30,1273,63587,1087239,3036496650 ,67477704 ,1590206 ,7,19,24,27,42,45,31,7,12,5,3,15,3,
129,2005.05.21,11,50,1473,71124,1145600,1093629655 ,40099754 ,1361160 ,19,23,25,28,38,42,17,19,4,2,3,10,4,
128,2005.05.14,6,23,1192,63294,1102953,2064043100 ,89741005 ,1731580 ,12,30,34,36,37,45,39,12,18,4,2,1,8,
127,2005.05.07,6,43,1279,67175,1143382,1965939150 ,45719516 ,1537091 ,3,5,10,29,32,43,35,3,2,5,19,3,11,
126,2005.04.30,9,35,1439,71370,1166992,1369301500 ,58684350 ,1427347 ,7,20,22,27,40,43,1,7,13,2,5,13,3,
125,2005.04.23,7,36,1444,74261,1220272,1754870786 ,56870813 ,1417832 ,2,8,32,33,35,36,18,2,6,24,1,2,1,
124,2005.04.16,9,37,1540,75040,1230275,1395936267 ,56592011 ,1359679 ,4,16,23,25,29,42,1,4,12,7,2,4,13,
123,2005.04.09,5,38,1477,72742,1188107,2532982680 ,55547866 ,1429126 ,7,17,18,28,30,45,27,7,10,1,10,2,15,
122,2005.04.02,9,38,1403,72518,1266949,1450073800 ,57239756 ,1550329 ,1,11,16,17,36,40,8,1,10,5,1,19,4,
121,2005.03.26,2,31,1342,67464,1153689,6839648100 ,73544604 ,1698870 ,12,28,30,34,38,43,9,12,16,2,4,4,5,
120,2005.03.19,3,31,1605,80400,1377368,4364530300 ,70395650 ,1359667 ,4,6,10,11,32,37,30,4,2,4,1,21,5,
119,2005.03.12,9,49,1936,85327,1355365,1474899400 ,45149982 ,1142743 ,3,11,13,14,17,21,38,3,8,2,1,3,4,
118,2005.03.05,10,41,1671,83233,1390561,1297989720 ,52763810 ,1294624 ,3,4,10,17,19,22,38,3,1,6,7,2,3,
117,2005.02.26,9,50,1642,78361,1267826,1558378334 ,46751350 ,1423610 ,5,10,22,34,36,44,35,5,5,12,12,2,8,
116,2005.02.19,7,56,1735,91897,1499198,1997747315 ,41619736 ,1343346 ,2,4,25,31,34,37,17,2,2,21,6,3,3,
115,2005.02.12,9,34,1990,91627,1447287,1488589567 ,65673070 ,1122053 ,1,2,6,9,25,28,31,1,1,4,3,16,3,
114,2005.02.05,6,41,1491,78504,1283250,2362345050 ,57618172 ,1584404 ,11,14,19,26,28,41,2,11,3,5,7,2,13,
113,2005.01.29,9,43,1479,72711,1241238,1561528934 ,54471940 ,1583701 ,4,9,28,33,36,45,26,4,5,19,5,3,9,
112,2005.01.22,9,32,1370,70247,1227387,1567271167 ,73465836 ,1715991 ,26,29,30,33,41,42,43,26,3,1,3,8,1,
111,2005.01.15,6,51,1734,86863,1389605,2199047450 ,43118578 ,1268194 ,7,18,31,33,36,40,27,7,11,13,2,3,4,
110,2005.01.08,3,38,1392,73674,1196287,4566262000 ,60082395 ,1640181 ,7,20,22,23,29,43,1,7,13,2,1,6,14,
109,2005.01.01,12,31,1493,73179,1271057,1246838200 ,80441175 ,1670246 ,1,5,34,36,42,44,33,1,4,29,2,6,2,
108,2004.12.25,7,41,1462,70827,1223421,1998900772 ,56879291 ,1595111 ,7,18,22,23,29,44,12,7,11,4,1,6,15,
107,2004.12.18,2,35,2181,91651,1301235,6679927800 ,63618360 ,1020928 ,1,4,5,6,9,31,17,1,3,1,1,3,22,
106,2004.12.11,16,40,2056,93551,1415989,810461157 ,54030744 ,1051182 ,4,10,12,22,24,33,29,4,6,2,10,2,9,
105,2004.12.04,4,26,1331,69127,1192263,3416781450 ,87609781 ,1711386 ,8,10,20,34,41,45,28,8,2,10,14,7,4,
104,2004.11.27,2,23,1293,71824,1246208,6610743750 ,95807881 ,1704240 ,17,32,33,34,42,44,35,17,15,1,1,8,2,
103,2004.11.20,8,38,1583,75587,1231156,1691589563 ,59354020 ,1424797 ,5,14,15,27,30,45,10,5,9,1,12,3,15,
102,2004.11.13,9,24,1352,75476,1322337,1457153067 ,91072067 ,1616664 ,17,22,24,26,35,40,42,17,5,2,2,9,5,
101,2004.11.06,5,38,1405,73210,1246344,2707297500 ,59370560 ,1605752 ,1,3,17,32,35,45,8,1,2,14,15,3,10,
100,2004.10.30,4,36,1544,76899,1235777,3315315525 ,61394732 ,1431484 ,1,7,11,23,37,42,6,1,6,4,12,14,5,
99,2004.10.23,6,40,1581,77203,1282311,2169219050 ,54230477 ,1372056 ,1,3,10,27,29,37,11,1,2,7,17,2,8,
98,2004.10.16,4,45,1880,87818,1385812,3177972300 ,47081072 ,1126941 ,6,9,16,23,24,32,43,6,3,7,7,1,8,
97,2004.10.09,9,46,1543,77227,1282678,1496214000 ,48789587 ,1454518 ,6,7,14,15,20,36,3,6,1,7,1,5,16,
96,2004.10.02,7,38,1197,65301,1111779,1847133515 ,56710240 ,1800326 ,1,3,8,21,22,31,20,1,2,5,13,1,9,
95,2004.09.25,8,48,1728,82432,1347106,1747741238 ,48548368 ,1348566 ,8,17,27,31,34,43,14,8,9,10,4,3,9,
94,2004.09.18,6,38,1353,71106,1223793,2245339950 ,59087894 ,1659527 ,5,32,34,40,41,45,6,5,27,2,6,1,4,
93,2004.09.11,6,26,1462,68597,1185275,2269178150 ,87276083 ,1552106 ,6,22,24,36,38,44,19,6,16,2,12,2,6,
92,2004.09.04,11,50,1623,79319,1307607,1233270846 ,45219931 ,1393098 ,3,14,24,33,35,36,17,3,11,10,9,2,1,
91,2004.08.28,4,32,1205,64183,1128902,3582902400 ,74643800 ,1982242 ,1,21,24,26,29,42,27,1,20,3,2,3,13,
90,2004.08.21,4,34,1297,67888,1160774,3291435300 ,64537948 ,1691820 ,17,20,29,35,38,44,10,17,3,9,6,3,6,
89,2004.08.14,3,30,1340,72667,1261896,4248321900 ,70805365 ,1585195 ,4,26,28,29,33,40,37,4,22,2,1,4,7,
88,2004.08.07,4,31,1183,64639,1098115,3069709650 ,66015262 ,1729902 ,1,17,20,24,30,41,27,1,16,3,4,6,11,
87,2004.07.31,11,33,1250,54768,890859,1799358055 ,99964337 ,2639059 ,4,12,16,23,34,43,26,4,8,4,7,11,9,
86,2004.07.24,1,16,611,35057,616434,14252186400 ,148460275 ,3887667 ,2,12,37,39,41,45,33,2,10,25,2,2,4,
85,2004.07.17,4,31,823,41746,664492,3462109800 ,74453975 ,2804464 ,6,8,13,23,31,36,21,6,2,5,10,8,5,
84,2004.07.10,2,17,635,32402,582445,7669779000 ,150387824 ,4026131 ,16,23,27,34,42,45,11,16,7,4,7,8,3,
83,2004.07.03,2,15,851,45924,763287,7086948300 ,157487740 ,2775930 ,6,10,15,17,19,34,14,6,4,5,2,2,15,
82,2004.06.26,1,20,637,36139,638058,14562494400 ,121354120 ,3810177 ,1,2,3,14,27,42,39,1,1,1,11,13,15,
81,2004.06.19,5,20,1046,51654,787258,2714288880 ,113095370 ,2162436 ,5,7,11,13,20,33,6,5,2,4,2,7,13,
80,2004.06.12,1,16,868,40251,706432,13809540000 ,143849375 ,2651602 ,17,18,24,25,26,30,1,17,1,6,1,1,4,
79,2004.06.05,4,31,1196,49431,741871,3416443800 ,73471910 ,1904373 ,3,12,24,27,30,32,14,3,9,12,3,3,2,
78,2004.05.29,4,22,910,42450,716323,3519850000 ,106662100 ,2578600 ,10,13,25,29,33,35,38,10,3,12,4,4,2,
77,2004.05.22,3,19,713,37033,643154,5155758600 ,135677800 ,3615500 ,2,18,29,32,43,44,37,2,16,11,3,11,1,
76,2004.05.15,2,17,840,44504,770522,7451022600 ,146098400 ,2956700 ,1,3,15,22,25,37,43,1,2,12,7,3,12,
75,2004.05.08,4,19,817,40782,697174,3914616900 ,137354900 ,3194300 ,2,5,24,32,34,44,28,2,3,19,8,2,10,
74,2004.05.01,3,40,1021,48438,802633,5284949800 ,66061800 ,2588100 ,6,15,17,18,35,40,23,6,9,2,1,17,5,
73,2004.04.24,6,26,1363,55608,865131,2766662100 ,106410000 ,2029800 ,3,12,18,32,40,43,38,3,9,6,14,8,3,
72,2004.04.17,13,44,2510,113994,1702959,3260524600 ,104081800 ,1824500 ,2,4,11,17,26,27,1,2,2,7,6,9,1,
71,2004.04.10,0,28,782,39516,659631,0 ,88745200 ,3177500 ,5,9,12,16,29,41,21,5,4,3,4,13,12,
70,2004.04.03,3,14,717,36781,645990,5031277800 ,179688400 ,3508500 ,5,19,22,25,28,43,26,5,14,3,3,3,15,
69,2004.03.27,3,20,766,41220,704209,4962712200 ,124067800 ,3239300 ,5,8,14,15,19,39,35,5,3,6,1,4,20,
68,2004.03.20,5,20,754,43265,735760,2945882100 ,122745000 ,3255800 ,10,12,15,16,26,39,38,10,2,3,1,10,13,
67,2004.03.13,7,62,972,46740,748901,2114436500 ,39787700 ,2537900 ,3,7,10,15,36,38,33,3,4,3,5,21,2,
66,2004.03.06,4,19,786,40188,712181,3685138200 ,129303000 ,3125600 ,2,3,7,17,22,24,45,2,1,4,10,5,2,
65,2004.02.28,4,27,1003,52556,848960,3727945800 ,92048000 ,2477800 ,4,25,33,36,40,43,39,4,21,8,3,4,3,
64,2004.02.21,4,11,651,37117,654379,3899818000 ,236352600 ,3993600 ,14,15,18,21,26,36,39,14,1,3,3,5,10,
63,2004.02.14,2,26,824,41505,712954,7922245500 ,101567200 ,3204700 ,3,20,23,36,38,40,5,3,17,3,13,2,2,
62,2004.02.07,1,22,829,41686,700804,15817286400 ,119827900 ,3179900 ,3,8,15,27,29,35,21,3,5,7,12,2,6,
61,2004.01.31,5,11,789,41227,714784,3541038800 ,268260500 ,3740000 ,14,15,19,30,38,43,8,14,1,4,11,8,5,
60,2004.01.24,7,27,1088,45712,735708,2172504600 ,93873600 ,2329500 ,2,8,25,36,39,42,11,2,6,17,11,3,3,
59,2004.01.17,4,23,651,35026,626460,4127587300 ,119640200 ,4226900 ,6,29,36,39,41,45,13,6,23,7,3,2,4,
58,2004.01.10,4,39,1318,58215,880954,3676429200 ,62844900 ,1859600 ,10,24,25,33,40,44,1,10,14,1,8,7,4,
57,2004.01.03,4,25,960,44050,763692,4114411900 ,109717600 ,2857200 ,7,10,16,25,29,44,6,7,3,6,9,4,15,
56,2003.12.27,4,29,1359,41156,744566,3777570900 ,86840700 ,1853100 ,10,14,30,31,33,37,19,10,4,16,1,2,4,
55,2003.12.20,2,24,728,42550,746855,7088799600 ,98455500 ,3245700 ,17,21,31,37,40,44,7,17,4,10,6,3,4,
54,2003.12.13,3,15,719,34854,617337,5148626600 ,171620800 ,3580400 ,1,8,21,27,36,39,37,1,7,13,6,9,3,
53,2003.12.06,3,25,802,45372,742615,5014371000 ,100287400 ,3126100 ,7,8,14,32,33,39,42,7,1,6,18,1,6,
52,2003.11.29,4,13,669,34665,619109,3900844900 ,200043300 ,3887200 ,2,4,15,16,20,29,1,2,2,11,1,4,9,
51,2003.11.22,6,26,961,45707,706567,2421117000 ,93119800 ,2519300 ,2,3,11,16,26,44,35,2,1,8,5,10,18,
50,2003.11.15,3,14,826,40296,664631,5227061400 ,186680700 ,3164000 ,2,10,12,15,22,44,1,2,8,2,3,7,22,
49,2003.11.08,7,49,1487,66451,929635,1967504600 ,46845300 ,1543600 ,4,7,16,19,33,40,30,4,3,9,3,14,7,
48,2003.11.01,6,25,1279,58047,874668,2415673600 ,96626900 ,1888700 ,6,10,18,26,37,38,3,6,4,8,8,11,1,
47,2003.10.25,5,11,902,40580,679466,3250042400 ,246215300 ,3002600 ,14,17,26,31,36,45,27,14,3,9,5,5,9,
46,2003.10.18,3,39,1043,45243,745199,5327758800 ,68304600 ,2554000 ,8,13,15,23,31,38,39,8,5,2,8,8,7,
45,2003.10.11,2,27,890,45470,775339,8356417800 ,103165600 ,3129700 ,1,10,20,27,33,35,17,1,9,10,7,6,2,
44,2003.10.04,5,23,785,40092,696051,3362155800 ,121817200 ,3569100 ,3,11,21,30,38,45,39,3,8,10,9,8,7,
43,2003.09.27,1,21,926,45078,776043,17749630800 ,140870000 ,3194600 ,6,31,35,38,39,44,1,6,25,4,3,1,5,
42,2003.09.20,6,35,1405,79543,1393691,6899280100 ,131479800 ,3275200 ,17,18,19,21,23,32,1,17,1,1,2,2,9,
41,2003.09.13,0,21,700,33805,583744,0 ,109404000 ,3282100 ,13,20,23,35,38,43,34,13,7,3,12,3,5,
40,2003.09.06,13,44,1055,65081,798374,1147652400 ,56513100 ,2356900 ,7,13,18,19,25,26,6,7,6,5,1,6,1,
39,2003.08.30,6,25,699,38752,680975,2623748800 ,104949900 ,3753500 ,6,7,13,15,21,43,8,6,1,6,2,6,22,
38,2003.08.23,3,18,679,36377,681031,5374866400 ,149301800 ,3957900 ,16,17,22,30,37,43,36,16,1,5,8,7,6,
37,2003.08.16,3,20,857,46334,782490,4985999400 ,124649900 ,2908900 ,7,27,30,33,35,37,42,7,20,3,3,2,2,
36,2003.08.09,1,19,768,38321,673755,16014475800 ,140477800 ,3475300 ,1,10,23,26,28,40,31,1,9,13,3,2,12,
35,2003.08.02,3,24,933,46866,779854,5054598200 ,105304100 ,2708700 ,2,3,11,26,37,43,39,2,1,8,15,11,6,
34,2003.07.26,5,45,1264,68519,922063,3056918000 ,56609500 ,2015300 ,9,26,35,37,40,42,2,9,17,9,2,3,2,
33,2003.07.19,1,41,1063,52142,888943,14903517600 ,60583400 ,2336700 ,4,7,32,33,40,41,9,4,3,25,1,7,1,
32,2003.07.12,10,49,1203,52704,834746,1634528300 ,55596200 ,2264500 ,6,14,19,25,34,44,11,6,8,5,6,9,10,
31,2003.07.05,2,29,1130,58406,863641,8106672900 ,93180100 ,2391300 ,7,9,18,23,28,35,32,7,2,9,5,5,7,
30,2003.06.28,2,22,872,42319,710466,8728555500 ,132250800 ,3336600 ,8,17,20,35,36,44,4,8,9,3,15,1,8,
29,2003.06.21,5,17,752,42347,765661,3552594000 ,174146700 ,3936800 ,1,5,13,34,39,40,11,1,4,8,21,5,1,
28,2003.06.14,10,22,1164,57870,938483,1700361100 ,128815200 ,2434600 ,9,18,23,25,35,37,1,9,9,5,2,10,2,
27,2003.06.07,2,16,579,33509,625925,9543982500 ,198832900 ,5494500 ,1,20,26,28,37,43,27,1,19,6,2,9,6,
26,2003.05.31,5,39,1340,72252,1097093,3495069900 ,74680900 ,2173500 ,4,5,7,18,20,25,31,4,1,2,11,2,5,
25,2003.05.24,2,28,1111,58903,1096200,24227745300 ,175267400 ,4417100 ,2,4,21,26,43,44,16,2,2,17,5,17,1,
24,2003.05.17,0,18,925,52777,755905,0 ,176023700 ,3425300 ,7,8,27,29,36,43,6,7,1,19,2,7,7,
23,2003.05.10,4,23,1372,63717,990081,4317947700 ,125157900 ,2098100 ,5,13,17,18,33,42,44,5,8,4,1,15,9,
22,2003.05.03,4,32,827,53248,937961,4552194900 ,94837300 ,3669600 ,4,5,6,8,17,39,25,4,1,1,2,9,22,
21,2003.04.26,23,26,2008,82996,1155368,797475400 ,117576500 ,1522400 ,6,12,17,18,31,32,21,6,6,5,1,13,1,
20,2003.04.19,1,14,888,48158,827470,19352212800 ,230383400 ,3632100 ,10,14,18,20,23,30,41,10,4,4,2,3,7,
19,2003.04.12,1,14,697,55154,1135991,40722959400 ,297278500 ,5971100 ,6,30,38,39,40,43,26,6,24,8,1,1,3,
18,2003.04.05,0,15,664,38453,693323,0 ,175017300 ,3953700 ,3,12,13,19,32,35,29,3,9,1,6,13,3,
17,2003.03.29,3,9,1142,61651,961162,5349491200 ,297193900 ,2342100 ,3,4,9,17,32,37,1,3,1,5,8,15,5,
16,2003.03.22,4,12,862,47255,870770,4377146100 ,243174700 ,3385200 ,6,7,24,37,38,40,33,6,1,17,13,1,2,
15,2003.03.15,1,16,509,39202,827538,17014245000 ,177231700 ,5571100 ,3,4,16,30,31,37,13,3,1,12,14,1,6,
14,2003.03.08,4,28,1421,77736,1341756,9375048300 ,130363400 ,2568700 ,2,6,12,31,33,40,15,2,4,6,19,2,7,
13,2003.03.01,0,6,450,29601,726751,0 ,433309300 ,5777400 ,22,23,25,37,38,42,26,22,1,2,12,1,4,
12,2003.02.22,12,27,1903,76845,1115084,1348845700 ,99914400 ,1417500 ,2,11,21,25,39,45,44,2,9,10,4,14,6,
11,2003.02.15,5,11,428,38515,612805,4780152300 ,362132700 ,9307100 ,1,7,36,37,41,42,14,1,6,29,1,4,1,
10,2003.02.08,13,236,11247,703234,3410846,6430437900 ,40813400 ,856400 ,9,25,30,33,41,44,6,9,16,5,3,8,3,
9,2003.02.01,0,4,352,23672,603375,0 ,769456500 ,8743800 ,2,4,16,17,36,39,14,2,2,12,1,19,3,
8,2003.01.25,0,6,348,14279,248242,0 ,131555000 ,2268100 ,8,19,25,34,37,39,9,8,11,6,9,3,2,
7,2003.01.18,0,9,270,13229,206259,0 ,48165000 ,1605500 ,2,9,16,25,26,40,42,2,7,7,9,1,14,
6,2003.01.11,1,3,138,13445,176375,6574451700 ,196297600 ,4267300 ,14,15,26,27,40,42,34,14,1,11,1,13,2,
5,2003.01.04,0,0,42,3043,60434,0 ,0 ,6033800 ,16,24,29,40,41,42,3,16,8,5,11,1,1,
4,2002.12.28,0,1,29,2777,52382,0 ,211191200 ,7282400 ,14,27,30,31,40,42,2,14,13,3,1,9,2,
3,2002.12.21,1,0,139,5940,73256,2000000000 ,0 ,1174100 ,11,16,19,21,27,31,30,11,5,3,2,6,4,
2,2002.12.14,1,2,103,3763,55480,2002006800 ,94866800 ,1842000 ,9,13,21,25,32,42,2,9,4,8,4,7,10,
1,2002.12.07,0,1,28,2537,40155,0 ,143934100 ,5140500 ,10,23,29,33,37,40,16,10,13,6,4,4,3,
